arad13

***** Re = 1000000, Mach = 0.0, nCrit = 9 *****
alpha: (-3.977, -3.477, -2.977, -2.477, -1.977, -1.477, -0.977, -0.477, 0.023, 0.523, 1.523, 2.023, 2.523, 3.023, 3.523, 4.023, 4.523, 5.023, 5.523, 6.023, 6.523, 7.023, 7.523, 8.023, 8.523, 9.023, 9.523, 10.023, 10.523, 11.023, 11.523, 12.023, 12.523, 13.023, 13.523, 14.023, 14.523, 15.023, 15.523, 16.023, 16.523, 17.023, 17.523, 18.023, 18.523, 19.023, 19.523, 20.023, 20.023)
CL: (-0.1195, -0.0598, 0.0, 0.0599, 0.1199, 0.1799, 0.2398, 0.2998, 0.3596, 0.4192, 0.5278, 0.5869, 0.6459, 0.7047, 0.7634, 0.822, 0.8803, 0.9383, 0.996, 1.0533, 1.1099, 1.1665, 1.2224, 1.2773, 1.3322, 1.3859, 1.4386, 1.4908, 1.5405, 1.5904, 1.637, 1.6821, 1.724, 1.7617, 1.7948, 1.8146, 1.8331, 1.8543, 1.8656, 1.8845, 1.8929, 1.8966, 1.8985, 1.8837, 1.8738, 1.8563, 1.8229, 1.7926, 1.7926)
CD: (0.01008, 0.00989, 0.00973, 0.00959, 0.0095, 0.00944, 0.00942, 0.00939, 0.00935, 0.009, 0.00766, 0.00805, 0.00846, 0.00887, 0.00927, 0.00966, 0.01005, 0.01046, 0.01087, 0.01129, 0.01177, 0.01219, 0.01265, 0.01321, 0.01367, 0.01424, 0.01485, 0.01542, 0.01618, 0.01681, 0.01763, 0.01845, 0.01938, 0.02044, 0.02161, 0.02315, 0.02518, 0.02741, 0.03076, 0.03377, 0.03803, 0.04303, 0.04845, 0.05602, 0.06337, 0.07201, 0.08319, 0.0942, 0.0942)
CDp: (0.00379, 0.00353, 0.00332, 0.00315, 0.00302, 0.00293, 0.00286, 0.00282, 0.00281, 0.00284, 0.00287, 0.00303, 0.00322, 0.00345, 0.0037, 0.00396, 0.00425, 0.00456, 0.0049, 0.00526, 0.00567, 0.00607, 0.00651, 0.00703, 0.00749, 0.00806, 0.00865, 0.00926, 0.01, 0.01067, 0.01151, 0.01236, 0.01335, 0.01445, 0.0157, 0.01732, 0.01946, 0.02179, 0.02524, 0.02841, 0.03278, 0.03794, 0.04351, 0.05123, 0.05879, 0.06762, 0.07899, 0.09022, 0.09022)
CM: (-0.0477, -0.048, -0.0484, -0.0488, -0.0492, -0.0497, -0.0502, -0.0507, -0.0513, -0.0522, -0.0508, -0.0514, -0.0519, -0.0524, -0.053, -0.0535, -0.054, -0.0544, -0.0549, -0.0553, -0.0556, -0.0559, -0.0562, -0.0563, -0.0564, -0.0564, -0.0563, -0.0561, -0.0556, -0.0551, -0.0541, -0.053, -0.0513, -0.0491, -0.0463, -0.0414, -0.0375, -0.0348, -0.0323, -0.0309, -0.0298, -0.0292, -0.0292, -0.0298, -0.0309, -0.0327, -0.0358, -0.0392, -0.0392)
Top_Xtr: (0.7002, 0.671, 0.643, 0.6151, 0.5865, 0.5588, 0.5311, 0.5021, 0.4728, 0.4412, 0.3721, 0.3335, 0.3003, 0.2731, 0.2506, 0.2327, 0.217, 0.2036, 0.1921, 0.1823, 0.1732, 0.1655, 0.1586, 0.1512, 0.1452, 0.1392, 0.1329, 0.1275, 0.1216, 0.1167, 0.1117, 0.1069, 0.1026, 0.0984, 0.0948, 0.0914, 0.0883, 0.0854, 0.0823, 0.08, 0.0773, 0.0748, 0.0724, 0.0702, 0.0684, 0.0665, 0.0647, 0.0631, 0.0631)
Bot_Xtr: (0.0617, 0.0714, 0.0833, 0.098, 0.1146, 0.1325, 0.1528, 0.1791, 0.2235, 0.3851, 1.0, 1.0, 1.0, 1.0, 1.0, 1.0, 1.0, 1.0, 1.0, 1.0, 1.0, 1.0, 1.0, 1.0, 1.0, 1.0, 1.0, 1.0, 1.0, 1.0, 1.0, 1.0, 1.0, 1.0, 1.0, 1.0, 1.0, 1.0, 1.0, 1.0, 1.0, 1.0, 1.0, 1.0, 1.0, 1.0, 1.0, 1.0, 1.0)
CL/CD: (-11.85515873015873, -6.046511627906977, 0.0, 6.246089676746611, 12.621052631578948, 19.05720338983051, 25.456475583864123, 31.927582534611286, 38.459893048128336, 46.57777777777778, 68.90339425587467, 72.90683229813665, 76.34751773049645, 79.44757609921082, 82.35167206040991, 85.09316770186335, 87.59203980099502, 89.70363288718929, 91.62833486660534, 93.29495128432241, 94.29906542056077, 95.69319114027893, 96.63241106719367, 96.69190007570023, 97.45427944403805, 97.3244382022472, 96.87542087542089, 96.67963683527886, 95.21013597033374, 94.61035098155861, 92.85309132161089, 91.17073170731706, 88.95768833849328, 86.18884540117418, 83.05414160111059, 78.38444924406048, 72.7998411437649, 67.65049252097775, 60.65019505851755, 55.80396801895173, 49.77386273994215, 44.07622588891471, 39.18472652218782, 33.62549089610853, 29.56919678081111, 25.778364116094988, 21.91248948190888, 19.029723991507428, 19.029723991507428)

***** Re = 4000000, Mach = 0.0, nCrit = 9 *****
alpha: (-3.964, -3.464, -2.964, -2.464, -1.964, -1.464, -0.964, -0.464, 0.036, 1.036, 1.536, 2.036, 3.036, 3.536, 4.036, 4.536, 5.036, 5.536, 6.036, 6.536, 7.036, 7.536, 8.036, 8.536, 9.036, 9.536, 10.036, 10.536, 11.036, 11.536, 12.036, 12.536, 13.036, 13.536, 14.036, 14.536, 15.036, 15.536, 16.036, 17.036, 18.036, 18.536, 19.036, 19.536, 20.036, 20.536, 21.036, 21.536, 21.536)
CL: (-0.1208, -0.0604, 0.0, 0.0605, 0.1209, 0.1814, 0.2417, 0.302, 0.3622, 0.4823, 0.5424, 0.6025, 0.7189, 0.7737, 0.8334, 0.893, 0.9523, 1.0113, 1.0701, 1.1286, 1.1866, 1.2446, 1.3019, 1.3588, 1.4154, 1.4709, 1.5264, 1.5809, 1.6344, 1.6876, 1.7389, 1.7898, 1.8389, 1.8864, 1.9319, 1.9737, 2.0141, 2.047, 2.0696, 2.1048, 2.1338, 2.1399, 2.1468, 2.141, 2.1352, 2.117, 2.092, 2.062, 2.062)
CD: (0.00809, 0.00801, 0.00793, 0.00786, 0.00782, 0.00781, 0.00786, 0.00792, 0.00805, 0.00827, 0.00829, 0.00806, 0.00734, 0.00732, 0.00758, 0.00783, 0.00808, 0.00837, 0.00864, 0.00892, 0.00926, 0.00955, 0.00991, 0.01028, 0.01064, 0.01109, 0.01149, 0.01195, 0.01247, 0.01294, 0.01354, 0.01409, 0.01472, 0.01539, 0.01611, 0.01697, 0.01777, 0.01888, 0.02008, 0.02387, 0.02958, 0.03362, 0.03787, 0.04363, 0.04967, 0.05751, 0.06653, 0.07649, 0.07649)
CDp: (0.00266, 0.00252, 0.0024, 0.0023, 0.00223, 0.00219, 0.00218, 0.00219, 0.00224, 0.00239, 0.00248, 0.00261, 0.00295, 0.00298, 0.00316, 0.00334, 0.00353, 0.00375, 0.00397, 0.00422, 0.00449, 0.00475, 0.00507, 0.00539, 0.00573, 0.00613, 0.00651, 0.00694, 0.00743, 0.0079, 0.00846, 0.00902, 0.00964, 0.01031, 0.01103, 0.01189, 0.01272, 0.01384, 0.0151, 0.019, 0.02486, 0.02897, 0.03333, 0.03919, 0.04536, 0.05334, 0.06251, 0.07266, 0.07266)
CM: (-0.0474, -0.0479, -0.0484, -0.0489, -0.0494, -0.05, -0.0506, -0.0512, -0.0518, -0.053, -0.0537, -0.0547, -0.0556, -0.0549, -0.0556, -0.0562, -0.0569, -0.0575, -0.0581, -0.0587, -0.0592, -0.0598, -0.0603, -0.0607, -0.0611, -0.0614, -0.0617, -0.0619, -0.062, -0.062, -0.0618, -0.0615, -0.061, -0.0602, -0.0591, -0.0576, -0.0558, -0.0528, -0.0481, -0.0399, -0.0348, -0.033, -0.0319, -0.0312, -0.0311, -0.0318, -0.0332, -0.0354, -0.0354)
Top_Xtr: (0.5557, 0.5271, 0.4996, 0.4738, 0.4465, 0.4198, 0.3892, 0.3563, 0.3222, 0.2647, 0.2453, 0.227, 0.1974, 0.1854, 0.1751, 0.1669, 0.1595, 0.1512, 0.1456, 0.1395, 0.1322, 0.1278, 0.1213, 0.116, 0.111, 0.1046, 0.1007, 0.0957, 0.0907, 0.087, 0.0822, 0.0789, 0.0752, 0.0719, 0.0683, 0.0646, 0.0622, 0.0586, 0.0566, 0.052, 0.0473, 0.0448, 0.0432, 0.0411, 0.0398, 0.0382, 0.0366, 0.0355, 0.0355)
Bot_Xtr: (0.0434, 0.0489, 0.0572, 0.0689, 0.0811, 0.0948, 0.1083, 0.1258, 0.1425, 0.201, 0.2604, 0.4466, 0.9217, 1.0, 1.0, 1.0, 1.0, 1.0, 1.0, 1.0, 1.0, 1.0, 1.0, 1.0, 1.0, 1.0, 1.0, 1.0, 1.0, 1.0, 1.0, 1.0, 1.0, 1.0, 1.0, 1.0, 1.0, 1.0, 1.0, 1.0, 1.0, 1.0, 1.0, 1.0, 1.0, 1.0, 1.0, 1.0, 1.0)
CL/CD: (-14.932014833127319, -7.5405742821473165, 0.0, 7.697201017811704, 15.460358056265983, 23.226632522407172, 30.75063613231552, 38.13131313131313, 44.99378881987578, 58.31922611850061, 65.4282267792521, 74.75186104218363, 97.94277929155312, 105.69672131147541, 109.94722955145119, 114.0485312899106, 117.85891089108911, 120.82437275985663, 123.85416666666667, 126.52466367713004, 128.14254859611233, 130.32460732984293, 131.372351160444, 132.17898832684827, 133.02631578947367, 132.63300270513977, 132.84595300261097, 132.2928870292887, 131.06655974338412, 130.41731066460588, 128.4268833087149, 127.02625975869411, 124.92527173913042, 122.5730994152047, 119.91930477963997, 116.30524454920449, 113.34271243669104, 108.42161016949153, 103.06772908366533, 88.17762882279011, 72.13657876943881, 63.649613325401546, 56.68867177185106, 49.07173962869585, 42.98771894503725, 36.810989393149015, 31.44446114534796, 26.957772257811477, 26.957772257811477)

***** Re = 7000000, Mach = 0.0, nCrit = 9 *****
alpha: (-3.962, -3.462, -2.962, -2.462, -1.962, -1.462, -0.962, -0.462, 0.038, 0.538, 1.038, 1.538, 2.038, 2.538, 3.038, 3.538, 4.038, 4.538, 5.038, 5.538, 6.038, 6.538, 7.038, 7.538, 8.038, 8.538, 9.038, 9.538, 10.038, 10.538, 11.038, 11.538, 12.038, 12.538, 13.038, 13.538, 14.038, 14.538, 15.038, 15.538, 16.038, 16.538, 17.038, 17.538, 18.038, 18.538, 19.038, 19.538, 20.038, 20.538, 21.038, 21.538, 22.038, 22.038)
CL: (-0.1212, -0.0606, -0.0, 0.0605, 0.1211, 0.1816, 0.242, 0.3024, 0.3628, 0.4231, 0.4834, 0.5436, 0.6037, 0.6639, 0.724, 0.7838, 0.8406, 0.8966, 0.9562, 1.0156, 1.0746, 1.1335, 1.1919, 1.2501, 1.308, 1.3652, 1.4223, 1.4788, 1.5344, 1.5901, 1.6445, 1.6983, 1.7516, 1.8033, 1.8548, 1.9038, 1.9518, 1.9979, 2.0402, 2.0809, 2.1165, 2.1406, 2.1545, 2.1687, 2.186, 2.1967, 2.2059, 2.2073, 2.2011, 2.1912, 2.1704, 2.1444, 2.1092, 2.1092)
CD: (0.00762, 0.00755, 0.00749, 0.00745, 0.00743, 0.00745, 0.00751, 0.00759, 0.00767, 0.00777, 0.00784, 0.00792, 0.00797, 0.00789, 0.00766, 0.00742, 0.00717, 0.00721, 0.00744, 0.00767, 0.00794, 0.00818, 0.00848, 0.00878, 0.00907, 0.00944, 0.00976, 0.01013, 0.01056, 0.01093, 0.01138, 0.01186, 0.01231, 0.01287, 0.01337, 0.01401, 0.01464, 0.01531, 0.01615, 0.01694, 0.01791, 0.01913, 0.02074, 0.02293, 0.02529, 0.02849, 0.03212, 0.03679, 0.04248, 0.04887, 0.05694, 0.066, 0.07653, 0.07653)
CDp: (0.00245, 0.00233, 0.00224, 0.00216, 0.0021, 0.00208, 0.00208, 0.0021, 0.00214, 0.0022, 0.00226, 0.00235, 0.00245, 0.00256, 0.00271, 0.00287, 0.00305, 0.00312, 0.00329, 0.00347, 0.00368, 0.00388, 0.00412, 0.00437, 0.00463, 0.00494, 0.00523, 0.00556, 0.00594, 0.00629, 0.00671, 0.00715, 0.00759, 0.00811, 0.00861, 0.00922, 0.00984, 0.01051, 0.01132, 0.01213, 0.0131, 0.01435, 0.01601, 0.01824, 0.02066, 0.02392, 0.02763, 0.03238, 0.03816, 0.04467, 0.05287, 0.06207, 0.07277, 0.07277)
CM: (-0.0475, -0.048, -0.0485, -0.049, -0.0496, -0.0502, -0.0508, -0.0513, -0.052, -0.0526, -0.0532, -0.0539, -0.0545, -0.0554, -0.0563, -0.0572, -0.0572, -0.0569, -0.0576, -0.0582, -0.0589, -0.0595, -0.0601, -0.0607, -0.0612, -0.0617, -0.0622, -0.0627, -0.063, -0.0634, -0.0636, -0.0637, -0.0638, -0.0636, -0.0634, -0.0629, -0.0623, -0.0613, -0.0598, -0.0581, -0.0556, -0.0512, -0.0456, -0.0414, -0.0384, -0.0358, -0.034, -0.0326, -0.0317, -0.0315, -0.0321, -0.0336, -0.0359, -0.0359)
Top_Xtr: (0.4929, 0.4671, 0.4423, 0.4149, 0.3874, 0.3576, 0.3246, 0.295, 0.2689, 0.2472, 0.2306, 0.2139, 0.1993, 0.1867, 0.1757, 0.1675, 0.1595, 0.1514, 0.1458, 0.1398, 0.1326, 0.128, 0.1215, 0.1163, 0.1111, 0.1046, 0.1007, 0.0958, 0.0901, 0.0868, 0.082, 0.0781, 0.0746, 0.0706, 0.0678, 0.0636, 0.0606, 0.0575, 0.0537, 0.0513, 0.0485, 0.0459, 0.0438, 0.041, 0.0392, 0.0369, 0.0352, 0.033, 0.0312, 0.0297, 0.0282, 0.027, 0.026, 0.026)
Bot_Xtr: (0.0382, 0.0428, 0.0486, 0.058, 0.0695, 0.0816, 0.0952, 0.108, 0.125, 0.1407, 0.1627, 0.1948, 0.2442, 0.3641, 0.5613, 0.7553, 0.944, 1.0, 1.0, 1.0, 1.0, 1.0, 1.0, 1.0, 1.0, 1.0, 1.0, 1.0, 1.0, 1.0, 1.0, 1.0, 1.0, 1.0, 1.0, 1.0, 1.0, 1.0, 1.0, 1.0, 1.0, 1.0, 1.0, 1.0, 1.0, 1.0, 1.0, 1.0, 1.0, 1.0, 1.0, 1.0, 1.0, 1.0)
CL/CD: (-15.905511811023622, -8.026490066225165, -0.0, 8.120805369127517, 16.298788694481832, 24.3758389261745, 32.2237017310253, 39.84189723320158, 47.30117340286832, 54.45302445302445, 61.65816326530612, 68.63636363636364, 75.74654956085321, 84.14448669201522, 94.51697127937337, 105.633423180593, 117.23849372384937, 124.35506241331483, 128.5215053763441, 132.41199478487616, 135.34005037783376, 138.56968215158923, 140.55424528301887, 142.38041002277905, 144.2116868798236, 144.6186440677966, 145.72745901639342, 145.9822309970385, 145.3030303030303, 145.48032936870996, 144.5079086115993, 143.19561551433387, 142.29082047116165, 140.11655011655012, 138.7284966342558, 135.88865096359743, 133.31967213114754, 130.49640757674723, 126.328173374613, 122.83943329397876, 118.17420435510887, 111.89754312598014, 103.88138862102218, 94.57915394679459, 86.43732700672203, 77.1042471042471, 68.67683686176836, 59.99728187007339, 51.81497175141243, 44.83732351135666, 38.117316473480855, 32.49090909090909, 27.56043381680387, 27.56043381680387)

***** Re = 10000000, Mach = 0.0, nCrit = 9 *****
alpha: (-3.96, -3.46, -2.96, -2.46, -1.96, -1.46, -0.96, -0.46, 0.04, 0.54, 1.04, 1.54, 2.04, 2.54, 3.04, 3.54, 4.04, 4.54, 5.04, 5.54, 6.04, 6.54, 7.04, 7.54, 8.04, 8.54, 9.04, 9.54, 10.04, 10.54, 11.04, 11.54, 12.04, 12.54, 13.04, 13.54, 14.04, 14.54, 15.04, 15.54, 16.04, 16.54, 17.04, 17.54, 18.04, 18.54, 19.04, 19.54, 20.04, 20.54, 21.04, 21.54, 22.04, 22.54, 22.54)
CL: (-0.1212, -0.0606, 0.0, 0.0607, 0.1213, 0.1818, 0.2423, 0.3028, 0.3633, 0.4237, 0.4841, 0.5444, 0.6047, 0.6648, 0.725, 0.7851, 0.8451, 0.9037, 0.9586, 1.018, 1.0772, 1.1362, 1.1947, 1.2532, 1.3112, 1.3687, 1.4261, 1.4827, 1.539, 1.5949, 1.6497, 1.7044, 1.758, 1.8108, 1.8625, 1.9126, 1.9616, 2.0092, 2.0534, 2.0956, 2.1348, 2.1669, 2.1821, 2.1978, 2.2109, 2.2251, 2.233, 2.2339, 2.2347, 2.2244, 2.2068, 2.1818, 2.1456, 2.0988, 2.0988)
CD: (0.00736, 0.0073, 0.00727, 0.00724, 0.00724, 0.00727, 0.00732, 0.00739, 0.00743, 0.00751, 0.00759, 0.00765, 0.00771, 0.00776, 0.00769, 0.00755, 0.00739, 0.00714, 0.00707, 0.00731, 0.00755, 0.00779, 0.00809, 0.00835, 0.00865, 0.00898, 0.00928, 0.00966, 0.01003, 0.01039, 0.01084, 0.01124, 0.0117, 0.01219, 0.0127, 0.0133, 0.01389, 0.01452, 0.01528, 0.01607, 0.0169, 0.01798, 0.01937, 0.02111, 0.02348, 0.02615, 0.02969, 0.03419, 0.039, 0.04523, 0.05268, 0.0614, 0.0719, 0.08417, 0.08417)
CDp: (0.00234, 0.00224, 0.00217, 0.0021, 0.00206, 0.00204, 0.00204, 0.00206, 0.00209, 0.00214, 0.0022, 0.00227, 0.00236, 0.00247, 0.0026, 0.00273, 0.00289, 0.00309, 0.00316, 0.00334, 0.00352, 0.00372, 0.00395, 0.00417, 0.00442, 0.00471, 0.00497, 0.0053, 0.00563, 0.00596, 0.00637, 0.00674, 0.00717, 0.00763, 0.00812, 0.00868, 0.00926, 0.00987, 0.01062, 0.01139, 0.01222, 0.0133, 0.01473, 0.01651, 0.01892, 0.02164, 0.02524, 0.0298, 0.0347, 0.04104, 0.04861, 0.05745, 0.06811, 0.08056, 0.08056)
CM: (-0.0476, -0.0481, -0.0486, -0.0491, -0.0497, -0.0503, -0.0509, -0.0515, -0.0521, -0.0527, -0.0533, -0.054, -0.0546, -0.0553, -0.0561, -0.057, -0.0579, -0.0585, -0.0579, -0.0586, -0.0593, -0.0599, -0.0606, -0.0612, -0.0618, -0.0623, -0.0628, -0.0633, -0.0637, -0.0641, -0.0644, -0.0646, -0.0648, -0.0648, -0.0647, -0.0643, -0.0638, -0.0631, -0.0619, -0.0604, -0.0584, -0.0554, -0.0495, -0.0446, -0.0406, -0.0378, -0.0353, -0.0334, -0.0323, -0.0317, -0.0319, -0.033, -0.035, -0.0381, -0.0381)
Top_Xtr: (0.4531, 0.429, 0.4023, 0.3773, 0.3455, 0.3151, 0.2876, 0.2617, 0.2439, 0.2261, 0.2097, 0.197, 0.1848, 0.1735, 0.1639, 0.1572, 0.1505, 0.1427, 0.1386, 0.1312, 0.1263, 0.1208, 0.1137, 0.1097, 0.1041, 0.0986, 0.0947, 0.0891, 0.0851, 0.0812, 0.0759, 0.0732, 0.0695, 0.0663, 0.0626, 0.0586, 0.0557, 0.0527, 0.049, 0.0463, 0.0438, 0.0406, 0.0384, 0.0364, 0.0338, 0.032, 0.0297, 0.0273, 0.0261, 0.0244, 0.023, 0.0218, 0.0206, 0.0196, 0.0196)
Bot_Xtr: (0.0355, 0.0396, 0.0445, 0.0515, 0.0631, 0.0742, 0.0863, 0.0987, 0.1139, 0.1286, 0.1463, 0.172, 0.2054, 0.2566, 0.3839, 0.5373, 0.6966, 0.9122, 1.0, 1.0, 1.0, 1.0, 1.0, 1.0, 1.0, 1.0, 1.0, 1.0, 1.0, 1.0, 1.0, 1.0, 1.0, 1.0, 1.0, 1.0, 1.0, 1.0, 1.0, 1.0, 1.0, 1.0, 1.0, 1.0, 1.0, 1.0, 1.0, 1.0, 1.0, 1.0, 1.0, 1.0, 1.0, 1.0, 1.0)
CL/CD: (-16.467391304347824, -8.301369863013699, 0.0, 8.383977900552486, 16.754143646408842, 25.006877579092155, 33.10109289617486, 40.97428958051421, 48.89636608344549, 56.41810918774967, 63.781291172595516, 71.16339869281046, 78.43060959792477, 85.67010309278349, 94.27828348504552, 103.98675496688742, 114.3572395128552, 126.56862745098039, 135.5869872701556, 139.26128590971274, 142.6754966887417, 145.85365853658539, 147.67614338689742, 150.08383233532936, 151.58381502890174, 152.4164810690423, 153.67456896551724, 153.4886128364389, 153.4396809571286, 153.5033686236766, 152.18634686346863, 151.63701067615656, 150.25641025641025, 148.54799015586548, 146.65354330708664, 143.8045112781955, 141.22390208783298, 138.37465564738292, 134.38481675392669, 130.40448039825762, 126.31952662721893, 120.51724137931035, 112.65358802271555, 104.1117953576504, 94.16098807495742, 85.08986615678776, 75.21050858875041, 65.33781807546067, 57.300000000000004, 49.179747954897195, 41.890660592255124, 35.53420195439739, 29.841446453407507, 24.935250089105388, 24.935250089105388)

***** Re = 100000, Mach = 0.0, nCrit = 9 *****
alpha: (-4.267, -3.767, -3.267, -2.767, -2.267, -1.767, -1.267, -0.767, -0.267, 0.233, 0.733, 1.233, 1.733, 2.233, 2.733, 3.233, 3.733, 4.233, 4.733, 5.233, 5.733, 6.233, 6.733, 7.233, 7.733, 8.233, 8.733, 9.233, 9.733, 10.233, 10.733, 11.233, 11.733, 12.233, 12.733, 14.733)
CL: (-0.1893, -0.0904, -0.0001, 0.0764, 0.1357, 0.1872, 0.2364, 0.293, 0.3438, 0.3961, 0.4492, 0.5029, 0.557, 0.6113, 0.6655, 0.7195, 0.7733, 0.827, 0.8805, 0.9339, 0.9868, 1.0397, 1.0924, 1.1443, 1.1945, 1.2424, 1.2882, 1.332, 1.3777, 1.4153, 1.4415, 1.4873, 1.4788, 1.5155, 1.4245, 0.9074)
CD: (0.02833, 0.02532, 0.02309, 0.02148, 0.02031, 0.01934, 0.01831, 0.0157, 0.01588, 0.01611, 0.01636, 0.01661, 0.01693, 0.0173, 0.01777, 0.01838, 0.01916, 0.02008, 0.02115, 0.02231, 0.02362, 0.025, 0.02651, 0.02815, 0.02989, 0.0318, 0.03396, 0.03634, 0.03867, 0.0413, 0.04495, 0.04742, 0.05285, 0.05584, 0.06562, 0.19267)
CDp: (0.0202, 0.01682, 0.0143, 0.01263, 0.01154, 0.01069, 0.00999, 0.00943, 0.00904, 0.00887, 0.00875, 0.00863, 0.00865, 0.00865, 0.00882, 0.00912, 0.0096, 0.01018, 0.011, 0.01199, 0.01322, 0.01449, 0.01589, 0.01748, 0.0193, 0.02139, 0.02376, 0.02636, 0.02875, 0.03168, 0.03582, 0.03822, 0.04447, 0.04747, 0.05813, 0.18618)
CM: (-0.0537, -0.0622, -0.0683, -0.0712, -0.0704, -0.0678, -0.0648, -0.0613, -0.0589, -0.0572, -0.0556, -0.0542, -0.053, -0.0519, -0.051, -0.0502, -0.0496, -0.0491, -0.0487, -0.0483, -0.0481, -0.0478, -0.0476, -0.0473, -0.0469, -0.0462, -0.0454, -0.0444, -0.0437, -0.0421, -0.0395, -0.039, -0.0333, -0.0321, -0.0214, -0.0861)
Top_Xtr: (0.9696, 0.9543, 0.9332, 0.9065, 0.8737, 0.8399, 0.8071, 0.775, 0.7424, 0.7077, 0.6729, 0.6379, 0.5997, 0.5613, 0.5187, 0.476, 0.4357, 0.4015, 0.3716, 0.3461, 0.3244, 0.3062, 0.2905, 0.2762, 0.2632, 0.2511, 0.24, 0.23, 0.2211, 0.2122, 0.2043, 0.1972, 0.1907, 0.1848, 0.1823, 0.2028)
Bot_Xtr: (0.1265, 0.1453, 0.1686, 0.1964, 0.228, 0.2681, 0.3313, 1.0, 1.0, 1.0, 1.0, 1.0, 1.0, 1.0, 1.0, 1.0, 1.0, 1.0, 1.0, 1.0, 1.0, 1.0, 1.0, 1.0, 1.0, 1.0, 1.0, 1.0, 1.0, 1.0, 1.0, 1.0, 1.0, 1.0, 1.0, 1.0)
CL/CD: (-6.681962583833392, -3.5703001579778832, -0.0043308791684712, 3.5567970204841712, 6.681437715411127, 9.679420889348501, 12.910977607864554, 18.662420382165607, 21.64987405541562, 24.58721291123526, 27.457212713936432, 30.276941601444914, 32.90017720023627, 35.335260115606935, 37.45075970737197, 39.14581066376496, 40.36012526096033, 41.18525896414342, 41.63120567375886, 41.860152398027786, 41.77815410668925, 41.588, 41.2070916635232, 40.650088809946716, 39.96319839411174, 39.069182389937104, 37.93286219081273, 36.65382498624106, 35.627101111973104, 34.26876513317191, 32.06896551724138, 31.36440320539857, 27.98107852412488, 27.140042979942695, 21.708320633953065, 4.709607100223179)

***** Re = 400000, Mach = 0.0, nCrit = 9 *****
alpha: (-4.021, -3.521, -3.021, -2.521, -2.021, -1.521, -1.021, -0.521, -0.021, 0.479, 0.979, 1.479, 1.979, 2.479, 2.979, 3.479, 3.979, 4.479, 4.979, 5.479, 5.979, 6.479, 6.979, 7.479, 7.979, 8.479, 8.979, 9.479, 9.979, 10.479, 10.979, 11.479, 11.979, 12.479, 12.979, 13.479, 13.979, 14.479, 14.979, 15.479, 15.979, 16.479, 16.979, 17.479, 17.979, 18.479, 18.979, 19.479, 19.479)
CL: (-0.1153, -0.058, 0.0, 0.0585, 0.1173, 0.1764, 0.2355, 0.2946, 0.3508, 0.4042, 0.4625, 0.5207, 0.579, 0.6368, 0.6942, 0.7512, 0.8078, 0.8644, 0.9202, 0.976, 1.0311, 1.0853, 1.1386, 1.1922, 1.244, 1.2937, 1.3441, 1.3915, 1.4365, 1.4809, 1.5192, 1.5578, 1.5859, 1.6097, 1.6289, 1.6507, 1.6689, 1.684, 1.6979, 1.7068, 1.7131, 1.7165, 1.7156, 1.7113, 1.7086, 1.6989, 1.686, 1.6825, 1.6825)
CD: (0.0129, 0.01254, 0.01224, 0.01197, 0.01178, 0.01161, 0.01143, 0.01118, 0.00979, 0.00888, 0.00914, 0.00945, 0.00981, 0.01024, 0.01076, 0.01134, 0.01195, 0.01253, 0.01317, 0.01377, 0.0144, 0.01509, 0.01582, 0.01644, 0.0172, 0.01811, 0.01883, 0.01978, 0.0208, 0.02174, 0.02304, 0.02406, 0.02564, 0.02714, 0.02935, 0.03163, 0.03442, 0.03774, 0.04138, 0.04562, 0.05046, 0.05569, 0.0615, 0.06826, 0.07483, 0.08261, 0.09129, 0.09832, 0.09832)
CDp: (0.0059, 0.00542, 0.00506, 0.00473, 0.00447, 0.00426, 0.00407, 0.00393, 0.00389, 0.00366, 0.00367, 0.00373, 0.00385, 0.00403, 0.00428, 0.00461, 0.00501, 0.00544, 0.00594, 0.00645, 0.00702, 0.00763, 0.0083, 0.00895, 0.00972, 0.01058, 0.01136, 0.01235, 0.01336, 0.01443, 0.01571, 0.0169, 0.01849, 0.02019, 0.02242, 0.02492, 0.0278, 0.03129, 0.03511, 0.0394, 0.04452, 0.04988, 0.05585, 0.06286, 0.06953, 0.07753, 0.08645, 0.09355, 0.09355)
CM: (-0.0504, -0.05, -0.0499, -0.05, -0.0501, -0.0503, -0.0506, -0.051, -0.0516, -0.0495, -0.0497, -0.0499, -0.0502, -0.0505, -0.0508, -0.0511, -0.0514, -0.0516, -0.0518, -0.052, -0.052, -0.052, -0.0519, -0.0518, -0.0514, -0.0509, -0.0503, -0.0494, -0.0482, -0.0469, -0.0448, -0.0427, -0.0393, -0.0353, -0.0317, -0.0291, -0.027, -0.0253, -0.0242, -0.0231, -0.023, -0.0231, -0.0234, -0.0247, -0.0261, -0.0282, -0.0312, -0.0335, -0.0335)
Top_Xtr: (0.8062, 0.7737, 0.7415, 0.7115, 0.6821, 0.653, 0.6238, 0.5948, 0.5663, 0.5371, 0.5056, 0.4717, 0.4347, 0.3948, 0.354, 0.3179, 0.2891, 0.2661, 0.2479, 0.2326, 0.2195, 0.2081, 0.198, 0.1889, 0.1807, 0.173, 0.1657, 0.159, 0.1525, 0.1466, 0.1409, 0.1356, 0.1309, 0.1264, 0.1224, 0.1183, 0.1146, 0.111, 0.1075, 0.1043, 0.1012, 0.0983, 0.0956, 0.0928, 0.0903, 0.0879, 0.0854, 0.0831, 0.0831)
Bot_Xtr: (0.0805, 0.0917, 0.1058, 0.1229, 0.1428, 0.1659, 0.1954, 0.2454, 0.6547, 1.0, 1.0, 1.0, 1.0, 1.0, 1.0, 1.0, 1.0, 1.0, 1.0, 1.0, 1.0, 1.0, 1.0, 1.0, 1.0, 1.0, 1.0, 1.0, 1.0, 1.0, 1.0, 1.0, 1.0, 1.0, 1.0, 1.0, 1.0, 1.0, 1.0, 1.0, 1.0, 1.0, 1.0, 1.0, 1.0, 1.0, 1.0, 1.0, 1.0)
CL/CD: (-8.937984496124031, -4.625199362041467, 0.0, 4.887218045112783, 9.957555178268251, 15.193798449612402, 20.603674540682416, 26.350626118067975, 35.83248212461696, 45.51801801801801, 50.60175054704595, 55.10052910052911, 59.02140672782875, 62.1875, 64.51672862453532, 66.24338624338624, 67.59832635983263, 68.98643256185156, 69.87091875474565, 70.87872185911402, 71.60416666666666, 71.92180251822398, 71.97218710493047, 72.51824817518248, 72.32558139534883, 71.43567090005521, 71.38077535847053, 70.34883720930233, 69.06250000000001, 68.11867525298989, 65.9375, 64.74646716541979, 61.85257410296412, 59.31098010316875, 55.49914821124361, 52.18779639582675, 48.48634514816967, 44.6210916799152, 41.031899468342196, 37.41341516878562, 33.949663099484745, 30.822409768360565, 27.895934959349596, 25.070319367125695, 22.83308833355606, 20.565306863575838, 18.46861649687808, 17.112489829129373, 17.112489829129373)

***** Re = 700000, Mach = 0.0, nCrit = 9 *****
alpha: (-3.986, -3.486, -2.986, -2.486, -1.986, -1.486, -0.486, 1.014, 1.514, 2.014, 2.514, 3.014, 3.514, 4.014, 4.514, 5.014, 5.514, 6.014, 6.514, 7.014, 7.514, 8.014, 8.514, 9.014, 9.514, 10.014, 10.514, 11.014, 11.514, 12.014, 12.514, 13.014, 13.514, 14.014, 14.514, 15.014, 15.514, 16.014, 16.514, 17.014, 17.514, 18.014, 18.514, 19.014, 19.014)
CL: (-0.1185, -0.0594, 0.0, 0.0596, 0.1193, 0.179, 0.2986, 0.467, 0.5259, 0.5847, 0.6433, 0.7015, 0.7597, 0.8177, 0.8754, 0.9328, 0.9899, 1.0464, 1.1023, 1.158, 1.2131, 1.2667, 1.3204, 1.3728, 1.4229, 1.4741, 1.5214, 1.5686, 1.6117, 1.6524, 1.6883, 1.7158, 1.7343, 1.7566, 1.7703, 1.7912, 1.8004, 1.8102, 1.816, 1.8051, 1.8043, 1.7946, 1.7705, 1.7569, 1.7569)
CD: (0.01095, 0.0107, 0.01051, 0.01035, 0.01021, 0.01012, 0.00997, 0.00789, 0.00821, 0.0086, 0.00904, 0.00951, 0.00998, 0.01044, 0.0109, 0.01136, 0.01183, 0.01233, 0.01287, 0.01336, 0.01389, 0.01452, 0.01509, 0.01572, 0.01651, 0.01711, 0.01798, 0.01873, 0.01969, 0.02068, 0.02183, 0.02316, 0.02501, 0.02702, 0.03003, 0.03277, 0.03686, 0.04115, 0.04609, 0.05306, 0.05915, 0.06665, 0.07627, 0.0849, 0.0849)
CDp: (0.0044, 0.00407, 0.00381, 0.00361, 0.00344, 0.00331, 0.00315, 0.00303, 0.00312, 0.00326, 0.00346, 0.00371, 0.00399, 0.00431, 0.00464, 0.005, 0.00539, 0.00582, 0.0063, 0.00677, 0.00729, 0.00789, 0.00846, 0.00912, 0.00988, 0.01054, 0.01141, 0.01222, 0.01323, 0.01426, 0.0155, 0.0169, 0.01886, 0.02099, 0.02408, 0.027, 0.03118, 0.03566, 0.04075, 0.04785, 0.05417, 0.06185, 0.0716, 0.08048, 0.08048)
CM: (-0.0482, -0.0484, -0.0486, -0.049, -0.0494, -0.0498, -0.0507, -0.05, -0.0505, -0.0509, -0.0514, -0.0519, -0.0523, -0.0528, -0.0532, -0.0536, -0.0539, -0.0542, -0.0544, -0.0546, -0.0547, -0.0547, -0.0546, -0.0544, -0.0539, -0.0536, -0.0527, -0.0518, -0.0503, -0.0485, -0.0461, -0.0424, -0.0378, -0.0348, -0.032, -0.0304, -0.029, -0.0282, -0.0279, -0.0281, -0.0288, -0.0301, -0.0324, -0.0348, -0.0348)
Top_Xtr: (0.7405, 0.7092, 0.6798, 0.6514, 0.6228, 0.5941, 0.538, 0.4469, 0.4113, 0.373, 0.334, 0.3005, 0.2737, 0.2516, 0.2338, 0.2188, 0.2059, 0.1949, 0.1849, 0.1766, 0.1688, 0.1614, 0.1546, 0.1482, 0.1416, 0.1361, 0.1303, 0.125, 0.12, 0.1151, 0.1108, 0.1067, 0.1032, 0.0997, 0.0964, 0.0932, 0.0902, 0.0876, 0.0849, 0.0825, 0.0804, 0.0782, 0.076, 0.074, 0.074)
Bot_Xtr: (0.0683, 0.0784, 0.0913, 0.107, 0.1248, 0.1443, 0.2003, 1.0, 1.0, 1.0, 1.0, 1.0, 1.0, 1.0, 1.0, 1.0, 1.0, 1.0, 1.0, 1.0, 1.0, 1.0, 1.0, 1.0, 1.0, 1.0, 1.0, 1.0, 1.0, 1.0, 1.0, 1.0, 1.0, 1.0, 1.0, 1.0, 1.0, 1.0, 1.0, 1.0, 1.0, 1.0, 1.0, 1.0, 1.0)
CL/CD: (-10.821917808219178, -5.551401869158879, 0.0, 5.758454106280193, 11.68462291870715, 17.68774703557312, 29.949849548645936, 59.18884664131813, 64.05602923264313, 67.98837209302326, 71.16150442477877, 73.76445846477392, 76.12224448897797, 78.32375478927203, 80.31192660550458, 82.11267605633802, 83.6770921386306, 84.86618004866179, 85.64879564879566, 86.67664670658682, 87.33621310295177, 87.23829201101928, 87.50165672630882, 87.32824427480915, 86.18413082980013, 86.15429573348918, 84.6162402669633, 83.74799786438868, 81.85373285931945, 79.90328820116055, 77.33852496564361, 74.08462867012089, 69.34426229508196, 65.01110288675055, 58.951048951048946, 54.65974977113213, 48.84427563754748, 43.9902794653706, 39.401171620742026, 34.01997738409347, 30.503803888419274, 26.925731432858214, 23.213583322407235, 20.693757361601882, 20.693757361601882)

***** Re = 40000000, Mach = 0.0, nCrit = 9 *****
alpha: (-3.958, -3.458, -2.958, -2.458, -1.958, -1.458, -0.958, -0.458, 0.042, 0.542, 1.042, 1.542, 2.042, 2.542, 3.042, 3.542, 4.042, 4.542, 5.042, 5.542, 6.042, 6.542, 7.042, 7.542, 8.042, 8.542, 9.042, 9.542, 10.042, 10.542, 11.042, 11.542, 12.042, 12.542, 13.042, 13.542, 14.042, 14.542, 15.042, 15.542, 16.042, 16.542, 17.042, 17.542, 18.042, 18.542, 19.042, 19.542, 20.042, 20.542, 21.042, 21.042)
CL: (-0.1216, -0.0608, 0.0, 0.0608, 0.1217, 0.1825, 0.2433, 0.3041, 0.3648, 0.4255, 0.4861, 0.5467, 0.6071, 0.6675, 0.7279, 0.788, 0.8482, 0.9081, 0.9679, 1.0277, 1.0871, 1.1465, 1.2058, 1.2647, 1.3202, 1.3786, 1.4364, 1.4941, 1.5513, 1.608, 1.6646, 1.72, 1.7748, 1.8292, 1.8827, 1.9351, 1.9868, 2.0367, 2.0849, 2.131, 2.1743, 2.2147, 2.2498, 2.2766, 2.2761, 2.2568, 2.2536, 2.2566, 2.2568, 2.2491, 2.2377, 2.2377)
CD: (0.00668, 0.00662, 0.0066, 0.00657, 0.00656, 0.00655, 0.00654, 0.00655, 0.00658, 0.00662, 0.00668, 0.00671, 0.00677, 0.00683, 0.0069, 0.007, 0.00706, 0.00715, 0.00724, 0.00731, 0.00743, 0.0075, 0.00752, 0.0074, 0.0074, 0.00764, 0.00795, 0.00821, 0.00852, 0.00884, 0.00914, 0.00956, 0.00998, 0.0104, 0.01086, 0.01136, 0.01185, 0.01245, 0.01309, 0.0138, 0.01458, 0.01543, 0.01643, 0.01767, 0.01953, 0.02371, 0.02782, 0.03194, 0.03672, 0.04258, 0.04923, 0.04923)
CDp: (0.00213, 0.00206, 0.00201, 0.00196, 0.00194, 0.00192, 0.00191, 0.00191, 0.00194, 0.00197, 0.00202, 0.00207, 0.00213, 0.0022, 0.00228, 0.00238, 0.00248, 0.0026, 0.00275, 0.00289, 0.00305, 0.00324, 0.00342, 0.00368, 0.00386, 0.00406, 0.00431, 0.00454, 0.0048, 0.00508, 0.00535, 0.00571, 0.00608, 0.00646, 0.00688, 0.00733, 0.00779, 0.00834, 0.00894, 0.00962, 0.01037, 0.0112, 0.01217, 0.01341, 0.0153, 0.0195, 0.02367, 0.02785, 0.0327, 0.03865, 0.04539, 0.04539)
CM: (-0.0479, -0.0484, -0.0489, -0.0495, -0.05, -0.0506, -0.0512, -0.0518, -0.0524, -0.053, -0.0536, -0.0543, -0.0549, -0.0556, -0.0563, -0.057, -0.0577, -0.0584, -0.0592, -0.0599, -0.0607, -0.0615, -0.0623, -0.0632, -0.0632, -0.0638, -0.0644, -0.0651, -0.0656, -0.0661, -0.0667, -0.067, -0.0674, -0.0676, -0.0678, -0.0678, -0.0677, -0.0674, -0.0668, -0.0659, -0.0646, -0.0629, -0.0603, -0.0564, -0.048, -0.0401, -0.0363, -0.0341, -0.0327, -0.032, -0.032, -0.032)
Top_Xtr: (0.289, 0.2719, 0.2504, 0.2354, 0.2215, 0.2079, 0.1963, 0.1845, 0.1733, 0.1624, 0.1544, 0.1488, 0.1411, 0.1364, 0.1307, 0.123, 0.1196, 0.1128, 0.1078, 0.1035, 0.0967, 0.0927, 0.0886, 0.0824, 0.0795, 0.0755, 0.0708, 0.068, 0.0639, 0.0612, 0.0583, 0.0534, 0.0492, 0.0466, 0.043, 0.0394, 0.0367, 0.0333, 0.0301, 0.0269, 0.0239, 0.0213, 0.0186, 0.0156, 0.0134, 0.0071, 0.0047, 0.0039, 0.0035, 0.0032, 0.0029, 0.0029)
Bot_Xtr: (0.0238, 0.0276, 0.0321, 0.0362, 0.0405, 0.0476, 0.0582, 0.0684, 0.0789, 0.09, 0.1002, 0.1148, 0.1286, 0.1487, 0.1656, 0.1899, 0.2247, 0.2687, 0.3248, 0.3847, 0.4426, 0.5402, 0.6586, 0.8867, 1.0, 1.0, 1.0, 1.0, 1.0, 1.0, 1.0, 1.0, 1.0, 1.0, 1.0, 1.0, 1.0, 1.0, 1.0, 1.0, 1.0, 1.0, 1.0, 1.0, 1.0, 1.0, 1.0, 1.0, 1.0, 1.0, 1.0, 1.0)
CL/CD: (-18.203592814371255, -9.18429003021148, 0.0, 9.254185692541856, 18.551829268292682, 27.862595419847327, 37.20183486238532, 46.42748091603053, 55.44072948328268, 64.27492447129909, 72.76946107784431, 81.47540983606557, 89.67503692762186, 97.73060029282577, 105.4927536231884, 112.57142857142857, 120.14164305949008, 127.00699300699301, 133.6878453038674, 140.58823529411765, 146.3122476446837, 152.86666666666667, 160.34574468085106, 170.9054054054054, 178.4054054054054, 180.44502617801047, 180.67924528301884, 181.9853836784409, 182.07746478873239, 181.9004524886878, 182.12253829321662, 179.9163179916318, 177.83567134268537, 175.8846153846154, 173.3609576427256, 170.34330985915494, 167.66244725738397, 163.59036144578315, 159.27425515660812, 154.42028985507244, 149.1289437585734, 143.53208036292938, 136.93244065733415, 128.8398415393322, 116.54377880184333, 95.18346689160693, 81.00647016534867, 70.65122103944897, 61.45969498910675, 52.82057303898544, 45.45399146861669, 45.45399146861669)

***** Re = 70000000, Mach = 0.0, nCrit = 9 *****
alpha: (-3.959, -3.459, -2.959, -2.459, -1.959, -1.459, -0.959, -0.459, 0.041, 0.541, 1.041, 1.541, 2.041, 2.541, 3.041, 3.541, 4.041, 4.541, 5.041, 5.541, 6.541, 7.041, 7.541, 8.041, 8.541, 9.041, 9.541, 10.041, 11.041, 11.541, 12.041, 12.541, 13.041, 13.541, 14.041, 14.541, 15.041, 16.041, 16.541, 17.041, 17.541, 18.041, 18.541, 19.041, 19.541, 20.041, 20.541, 21.041, 21.541, 22.041, 22.541, 23.041, 23.041)
CL: (-0.1218, -0.0609, -0.0001, 0.0608, 0.1217, 0.1826, 0.2435, 0.3043, 0.3651, 0.4258, 0.4866, 0.5472, 0.6078, 0.6682, 0.7286, 0.7889, 0.849, 0.909, 0.9689, 1.0286, 1.1475, 1.2066, 1.2657, 1.3246, 1.3833, 1.4417, 1.4994, 1.5568, 1.6692, 1.7239, 1.7792, 1.8337, 1.8875, 1.9405, 1.9922, 2.0427, 2.0918, 2.1825, 2.2212, 2.2416, 2.268, 2.2679, 2.2818, 2.2964, 2.3067, 2.3138, 2.3176, 2.3146, 2.3048, 2.2856, 2.2526, 2.2151, 2.2151)
CD: (0.00643, 0.00637, 0.00632, 0.00629, 0.00628, 0.00627, 0.00626, 0.00626, 0.00628, 0.00631, 0.00634, 0.00639, 0.00644, 0.00649, 0.00658, 0.00666, 0.00677, 0.00687, 0.00696, 0.0071, 0.00734, 0.00751, 0.00763, 0.00771, 0.00775, 0.00784, 0.00805, 0.00827, 0.00877, 0.0091, 0.00951, 0.00994, 0.0104, 0.01087, 0.01141, 0.01198, 0.01258, 0.01408, 0.0151, 0.01698, 0.01817, 0.01995, 0.022, 0.02442, 0.02755, 0.03125, 0.03559, 0.04081, 0.04712, 0.05487, 0.06465, 0.07527, 0.07527)
CDp: (0.00208, 0.00201, 0.00195, 0.00192, 0.00189, 0.00188, 0.00187, 0.00187, 0.00189, 0.00192, 0.00195, 0.00201, 0.00206, 0.00212, 0.00221, 0.00229, 0.0024, 0.00251, 0.00262, 0.00277, 0.00306, 0.00325, 0.00341, 0.00363, 0.00388, 0.00409, 0.00434, 0.00458, 0.00515, 0.00546, 0.00582, 0.0062, 0.00661, 0.00704, 0.00753, 0.00806, 0.00862, 0.01005, 0.01102, 0.01286, 0.01405, 0.01589, 0.01797, 0.02042, 0.02359, 0.02734, 0.03174, 0.03703, 0.04342, 0.05127, 0.06117, 0.07193, 0.07193)
CM: (-0.048, -0.0485, -0.049, -0.0496, -0.0501, -0.0507, -0.0513, -0.0519, -0.0525, -0.0531, -0.0537, -0.0544, -0.055, -0.0557, -0.0564, -0.0571, -0.0578, -0.0585, -0.0592, -0.0599, -0.0614, -0.0621, -0.0629, -0.0637, -0.0646, -0.0654, -0.066, -0.0666, -0.0675, -0.0677, -0.068, -0.0683, -0.0685, -0.0687, -0.0686, -0.0684, -0.0679, -0.0659, -0.0639, -0.059, -0.055, -0.0468, -0.0425, -0.0393, -0.0366, -0.0346, -0.0333, -0.0324, -0.0322, -0.0327, -0.0342, -0.0364, -0.0364)
Top_Xtr: (0.2392, 0.2252, 0.2114, 0.1993, 0.1886, 0.1795, 0.1702, 0.1611, 0.1514, 0.144, 0.1396, 0.1315, 0.1279, 0.1217, 0.1159, 0.1118, 0.1047, 0.1006, 0.0961, 0.0894, 0.082, 0.0763, 0.0742, 0.0696, 0.0657, 0.0629, 0.0587, 0.0565, 0.0489, 0.0447, 0.0409, 0.0371, 0.0339, 0.031, 0.0274, 0.0244, 0.0218, 0.0159, 0.0119, 0.0049, 0.0037, 0.0034, 0.0029, 0.0028, 0.0026, 0.0024, 0.0022, 0.0022, 0.0021, 0.002, 0.0018, 0.0018, 0.0018)
Bot_Xtr: (0.0196, 0.0227, 0.0273, 0.0307, 0.0351, 0.0403, 0.0476, 0.0572, 0.0669, 0.076, 0.087, 0.0979, 0.1078, 0.1265, 0.1406, 0.1534, 0.1741, 0.1985, 0.2265, 0.2591, 0.3368, 0.378, 0.4281, 0.5553, 0.7214, 0.8162, 0.8585, 0.8961, 0.976, 1.0, 1.0, 1.0, 1.0, 1.0, 1.0, 1.0, 1.0, 1.0, 1.0, 1.0, 1.0, 1.0, 1.0, 1.0, 1.0, 1.0, 1.0, 1.0, 1.0, 1.0, 1.0, 1.0, 1.0)
CL/CD: (-18.942457231726284, -9.560439560439562, -0.015822784810126583, 9.666136724960255, 19.378980891719745, 29.12280701754386, 38.89776357827476, 48.61022364217253, 58.13694267515923, 67.48019017432647, 76.75078864353311, 85.63380281690141, 94.37888198757763, 102.95839753466872, 110.72948328267478, 118.45345345345346, 125.40620384047267, 132.31441048034935, 139.20977011494253, 144.8732394366197, 156.33514986376022, 160.6657789613848, 165.88466579292268, 171.80285343709468, 178.49032258064517, 183.89030612244898, 186.2608695652174, 188.2466747279323, 190.33067274800456, 189.43956043956044, 187.08727655099895, 184.47686116700203, 181.4903846153846, 178.51885924563018, 174.60122699386503, 170.50918196994994, 166.2798092209857, 155.00710227272728, 147.09933774834437, 132.01413427561837, 124.821133736929, 113.67919799498748, 103.71818181818183, 94.03767403767404, 83.72776769509981, 74.0416, 65.11941556617028, 56.716491056113696, 48.91341256366724, 41.65482048478221, 34.84300077339521, 29.428723262920155, 29.428723262920155)

***** Re = 100000000, Mach = 0.0, nCrit = 9 *****
alpha: (-3.959, -3.459, -2.959, -2.459, -1.959, -1.459, -0.959, -0.459, 0.041, 0.541, 1.041, 1.541, 2.041, 2.541, 3.041, 3.541, 4.041, 4.541, 5.541, 6.041, 6.541, 7.041, 7.541, 8.041, 9.041, 9.541, 10.041, 10.541, 11.041, 11.541, 12.041, 12.541, 13.041, 13.541, 14.041, 14.541, 15.041, 15.541, 16.041, 16.541, 17.041, 17.541, 18.041, 18.541, 19.041, 19.541, 20.041, 20.541, 21.041, 21.541, 22.041, 22.541, 23.041, 23.541, 23.541)
CL: (-0.1218, -0.0609, -0.0, 0.0609, 0.1219, 0.1828, 0.2437, 0.3045, 0.3654, 0.4262, 0.4869, 0.5476, 0.6082, 0.6687, 0.7291, 0.7894, 0.8496, 0.9096, 1.0293, 1.0888, 1.1483, 1.2075, 1.2665, 1.3253, 1.4424, 1.5005, 1.558, 1.6151, 1.6715, 1.7276, 1.7831, 1.838, 1.8919, 1.9447, 1.9952, 2.0462, 2.0956, 2.1418, 2.1774, 2.2167, 2.2539, 2.2884, 2.3001, 2.3105, 2.3263, 2.3402, 2.3493, 2.3544, 2.3555, 2.3511, 2.3395, 2.3197, 2.2895, 2.2437, 2.2437)
CD: (0.00626, 0.0062, 0.00615, 0.00611, 0.00609, 0.00608, 0.00609, 0.00609, 0.00609, 0.00612, 0.00615, 0.0062, 0.00626, 0.00631, 0.00639, 0.00646, 0.00657, 0.0067, 0.00692, 0.00707, 0.00718, 0.00735, 0.0075, 0.00768, 0.00792, 0.00806, 0.0083, 0.00857, 0.00889, 0.00921, 0.00955, 0.00991, 0.01031, 0.01075, 0.01116, 0.0117, 0.01232, 0.01309, 0.01453, 0.01546, 0.01633, 0.01721, 0.01851, 0.02029, 0.02234, 0.02487, 0.02815, 0.03206, 0.03665, 0.04211, 0.04866, 0.05652, 0.06586, 0.07754, 0.07754)
CDp: (0.00204, 0.00198, 0.00192, 0.00188, 0.00186, 0.00184, 0.00185, 0.00185, 0.00186, 0.00189, 0.00192, 0.00197, 0.00203, 0.00209, 0.00217, 0.00225, 0.00235, 0.00247, 0.0027, 0.00285, 0.00298, 0.00315, 0.00331, 0.00349, 0.00394, 0.00417, 0.00444, 0.00472, 0.00503, 0.00535, 0.0057, 0.00606, 0.00648, 0.00695, 0.00739, 0.00789, 0.00847, 0.0092, 0.01057, 0.01148, 0.01234, 0.01321, 0.01454, 0.01635, 0.01844, 0.021, 0.02432, 0.02829, 0.03293, 0.03845, 0.04508, 0.05304, 0.06249, 0.07431, 0.07431)
CM: (-0.0481, -0.0486, -0.0491, -0.0496, -0.0502, -0.0507, -0.0513, -0.0519, -0.0525, -0.0532, -0.0538, -0.0545, -0.0551, -0.0558, -0.0565, -0.0572, -0.0579, -0.0586, -0.06, -0.0607, -0.0615, -0.0622, -0.0629, -0.0636, -0.0652, -0.066, -0.0666, -0.0672, -0.0678, -0.0683, -0.0687, -0.0691, -0.0693, -0.0694, -0.069, -0.0689, -0.0685, -0.0676, -0.0651, -0.0631, -0.0609, -0.0582, -0.0515, -0.0457, -0.042, -0.0389, -0.0364, -0.0345, -0.0332, -0.0325, -0.0324, -0.0331, -0.0345, -0.0371, -0.0371)
Top_Xtr: (0.2122, 0.2007, 0.1909, 0.1817, 0.1726, 0.1623, 0.1531, 0.1469, 0.1407, 0.1329, 0.1299, 0.1219, 0.1181, 0.1126, 0.1062, 0.1033, 0.0967, 0.0916, 0.0824, 0.0783, 0.0752, 0.0703, 0.0676, 0.0637, 0.0572, 0.0536, 0.0498, 0.0464, 0.0417, 0.0385, 0.0352, 0.032, 0.0284, 0.0247, 0.022, 0.0195, 0.017, 0.0133, 0.0056, 0.0037, 0.0031, 0.0029, 0.0026, 0.0024, 0.0022, 0.0022, 0.002, 0.0018, 0.0016, 0.0016, 0.0016, 0.0016, 0.0015, 0.0015, 0.0015)
Bot_Xtr: (0.0173, 0.0201, 0.024, 0.0277, 0.0318, 0.0364, 0.0416, 0.0506, 0.0585, 0.0695, 0.0771, 0.0893, 0.0984, 0.1081, 0.1286, 0.1403, 0.1531, 0.168, 0.2166, 0.2405, 0.2732, 0.3014, 0.3326, 0.359, 0.5675, 0.6623, 0.7136, 0.7428, 0.7733, 0.8043, 0.8363, 0.8708, 0.909, 0.9524, 1.0, 1.0, 1.0, 1.0, 1.0, 1.0, 1.0, 1.0, 1.0, 1.0, 1.0, 1.0, 1.0, 1.0, 1.0, 1.0, 1.0, 1.0, 1.0, 1.0, 1.0)
CL/CD: (-19.456869009584665, -9.822580645161292, -0.0, 9.967266775777414, 20.016420361247945, 30.06578947368421, 40.016420361247945, 50.0, 60.0, 69.640522875817, 79.17073170731707, 88.3225806451613, 97.15654952076677, 105.97464342313788, 114.1001564945227, 122.19814241486068, 129.31506849315068, 135.76119402985074, 148.742774566474, 154.002828854314, 159.93036211699166, 164.2857142857143, 168.86666666666667, 172.56510416666666, 182.1212121212121, 186.16625310173697, 187.710843373494, 188.45974329054843, 188.02024746906636, 187.57871878393053, 186.71204188481676, 185.46922300706356, 183.50145489815714, 180.90232558139536, 178.78136200716847, 174.88888888888886, 170.0974025974026, 163.6210847975554, 149.8554714384033, 143.3829236739974, 138.02204531537046, 132.9692039511912, 124.26256077795787, 113.87382947264663, 104.13160250671442, 94.097305991154, 83.45648312611011, 73.43730505302558, 64.27012278308322, 55.83234386131561, 48.07850390464447, 41.04210898796886, 34.76313392043729, 28.93603301521795, 28.93603301521795)

***** Re = 1000000, Mach = 0.0, nCrit = 7 *****
alpha: (-3.971, -3.471, -2.471, -1.972, -1.472, -0.971, -0.472, 0.029, 0.529, 1.028, 1.528, 2.029, 2.529, 3.029, 3.529, 4.029, 4.529, 5.029, 5.529, 6.029, 6.529, 7.029, 7.529, 8.028, 8.528, 9.028, 9.528, 10.028, 10.528, 11.028, 11.528, 12.028, 12.528, 13.028, 13.528, 14.028, 14.528, 15.028, 15.528, 16.028, 16.528, 17.028, 17.528, 18.028, 18.528, 19.028, 19.528, 20.028, 20.028)
CL: (-0.1196, -0.0599, 0.0599, 0.1199, 0.1798, 0.2398, 0.2997, 0.3595, 0.4191, 0.4783, 0.5336, 0.5862, 0.6454, 0.7043, 0.7632, 0.8218, 0.8801, 0.9382, 0.9959, 1.0532, 1.1099, 1.1666, 1.2225, 1.2776, 1.3325, 1.386, 1.4391, 1.491, 1.5413, 1.5907, 1.6371, 1.6828, 1.7242, 1.7632, 1.7954, 1.8168, 1.8341, 1.8562, 1.8717, 1.8864, 1.8972, 1.8989, 1.9016, 1.8915, 1.8766, 1.8591, 1.828, 1.7909, 1.7909)
CD: (0.0102, 0.01003, 0.00977, 0.0097, 0.00966, 0.00965, 0.00967, 0.0097, 0.00972, 0.00939, 0.00854, 0.00837, 0.00874, 0.0091, 0.00946, 0.00983, 0.01021, 0.01059, 0.01098, 0.01139, 0.01185, 0.01226, 0.01272, 0.01323, 0.01371, 0.01429, 0.01484, 0.01546, 0.01615, 0.01683, 0.01767, 0.01844, 0.01941, 0.02039, 0.02163, 0.02307, 0.02517, 0.0273, 0.03027, 0.03362, 0.03761, 0.04281, 0.04812, 0.05511, 0.06307, 0.07171, 0.08254, 0.09459, 0.09459)
CDp: (0.00367, 0.00344, 0.00308, 0.00296, 0.00288, 0.00283, 0.0028, 0.00281, 0.00286, 0.00295, 0.00315, 0.00311, 0.0033, 0.00351, 0.00374, 0.004, 0.00428, 0.00458, 0.0049, 0.00526, 0.00565, 0.00604, 0.00648, 0.00696, 0.00744, 0.008, 0.00855, 0.00919, 0.00987, 0.01059, 0.01143, 0.01226, 0.01326, 0.01431, 0.0156, 0.01714, 0.01931, 0.02158, 0.02464, 0.02814, 0.03226, 0.03759, 0.04308, 0.05022, 0.05837, 0.06722, 0.07824, 0.09051, 0.09051)
CM: (-0.0475, -0.0478, -0.0487, -0.0491, -0.0496, -0.0501, -0.0507, -0.0512, -0.0518, -0.0528, -0.0528, -0.0513, -0.0519, -0.0524, -0.053, -0.0535, -0.054, -0.0544, -0.0549, -0.0553, -0.0556, -0.0559, -0.0562, -0.0563, -0.0565, -0.0564, -0.0564, -0.0561, -0.0557, -0.0551, -0.0542, -0.0531, -0.0514, -0.0494, -0.0464, -0.0418, -0.0377, -0.035, -0.0327, -0.031, -0.0299, -0.0293, -0.0292, -0.0297, -0.0309, -0.0328, -0.0357, -0.0395, -0.0395)
Top_Xtr: (0.6572, 0.6286, 0.5727, 0.5433, 0.5149, 0.4868, 0.4568, 0.4263, 0.3923, 0.3563, 0.3221, 0.2917, 0.2669, 0.2467, 0.229, 0.2139, 0.2008, 0.1894, 0.1796, 0.1709, 0.1625, 0.1558, 0.1493, 0.1425, 0.1368, 0.1308, 0.1252, 0.1199, 0.1143, 0.1096, 0.1045, 0.1003, 0.096, 0.0922, 0.0886, 0.0855, 0.0823, 0.0797, 0.0769, 0.0746, 0.072, 0.0694, 0.0671, 0.0651, 0.0633, 0.0615, 0.0597, 0.0583, 0.0583)
Bot_Xtr: (0.0565, 0.0655, 0.0894, 0.1043, 0.1204, 0.1389, 0.1603, 0.1908, 0.2432, 0.4451, 0.8396, 1.0, 1.0, 1.0, 1.0, 1.0, 1.0, 1.0, 1.0, 1.0, 1.0, 1.0, 1.0, 1.0, 1.0, 1.0, 1.0, 1.0, 1.0, 1.0, 1.0, 1.0, 1.0, 1.0, 1.0, 1.0, 1.0, 1.0, 1.0, 1.0, 1.0, 1.0, 1.0, 1.0, 1.0, 1.0, 1.0, 1.0, 1.0)
CL/CD: (-11.72549019607843, -5.972083748753739, 6.131013306038895, 12.360824742268042, 18.612836438923395, 24.849740932642487, 30.992761116856258, 37.06185567010309, 43.117283950617285, 50.93716719914803, 62.482435597189685, 70.03584229390681, 73.84439359267735, 77.3956043956044, 80.67653276955603, 83.60122075279756, 86.1998041136141, 88.59301227573182, 90.70127504553734, 92.4670763827919, 93.66244725738397, 95.15497553017946, 96.10849056603773, 96.56840513983371, 97.19183078045222, 96.99090272918123, 96.9743935309973, 96.44243208279431, 95.43653250773993, 94.51574569221627, 92.64855687606111, 91.2581344902386, 88.83049974240082, 86.47376164786661, 83.00508552935737, 78.7516254876463, 72.86849423917361, 67.99267399267399, 61.83349851337958, 56.10945865556217, 50.44403084286095, 44.35645877131511, 39.517871986699916, 34.322264561785516, 29.75424131916918, 25.925254497280715, 22.14683789677732, 18.93329104556507, 18.93329104556507)

***** Re = 4000000, Mach = 0.0, nCrit = 7 *****
alpha: (-3.961, -3.461, -2.961, -2.461, -1.961, -1.461, -0.961, -0.461, 0.039, 0.539, 1.039, 1.539, 2.039, 2.539, 3.039, 4.039, 4.539, 5.039, 5.539, 6.039, 6.539, 7.039, 7.539, 8.039, 8.539, 9.039, 9.539, 10.039, 10.539, 11.039, 11.539, 12.039, 12.539, 13.039, 13.539, 14.039, 14.539, 15.039, 15.539, 16.039, 16.539, 17.039, 17.539, 18.039, 18.539, 19.039, 19.539, 20.039, 20.539, 21.039, 21.539, 21.539)
CL: (-0.1208, -0.0604, -0.0, 0.0604, 0.1208, 0.1812, 0.2415, 0.3017, 0.3619, 0.422, 0.4821, 0.5422, 0.6022, 0.6622, 0.722, 0.8333, 0.8928, 0.9521, 1.011, 1.0699, 1.1283, 1.1863, 1.2442, 1.3013, 1.3582, 1.4146, 1.4701, 1.5254, 1.5796, 1.6332, 1.686, 1.7371, 1.7879, 1.8364, 1.884, 1.9283, 1.9697, 2.0085, 2.0398, 2.0574, 2.0734, 2.0922, 2.1059, 2.1176, 2.1243, 2.1243, 2.1193, 2.1079, 2.0854, 2.0594, 2.0181, 2.0181)
CD: (0.0083, 0.00824, 0.00817, 0.00811, 0.00809, 0.00811, 0.00817, 0.00827, 0.00837, 0.00846, 0.00855, 0.00861, 0.00865, 0.00848, 0.00819, 0.00771, 0.00795, 0.0082, 0.0085, 0.00875, 0.00906, 0.00938, 0.00969, 0.01007, 0.01042, 0.01081, 0.01126, 0.01166, 0.01215, 0.01264, 0.01315, 0.01376, 0.0143, 0.01498, 0.01561, 0.0164, 0.01726, 0.01814, 0.01929, 0.02067, 0.02261, 0.02478, 0.02764, 0.03102, 0.03513, 0.04017, 0.04601, 0.05285, 0.06139, 0.07076, 0.08249, 0.08249)
CDp: (0.00268, 0.00255, 0.00244, 0.00234, 0.00228, 0.00225, 0.00224, 0.00227, 0.00231, 0.00237, 0.00245, 0.00253, 0.00264, 0.00278, 0.00294, 0.00321, 0.00339, 0.00358, 0.00381, 0.00403, 0.00428, 0.00455, 0.00482, 0.00515, 0.00547, 0.00583, 0.00623, 0.00661, 0.00707, 0.00754, 0.00804, 0.00862, 0.00916, 0.00983, 0.01047, 0.01125, 0.01212, 0.01302, 0.01418, 0.01563, 0.01761, 0.01985, 0.02278, 0.02623, 0.03044, 0.03558, 0.04153, 0.0485, 0.05719, 0.06673, 0.07866, 0.07866)
CM: (-0.0474, -0.0479, -0.0484, -0.0489, -0.0494, -0.05, -0.0506, -0.0512, -0.0518, -0.0524, -0.053, -0.0536, -0.0543, -0.0552, -0.0561, -0.0556, -0.0562, -0.0569, -0.0575, -0.0581, -0.0586, -0.0592, -0.0597, -0.0602, -0.0606, -0.061, -0.0613, -0.0616, -0.0617, -0.0618, -0.0618, -0.0615, -0.0612, -0.0606, -0.0598, -0.0586, -0.057, -0.0549, -0.0518, -0.0463, -0.0419, -0.0387, -0.036, -0.0339, -0.0324, -0.0314, -0.031, -0.0312, -0.0323, -0.0341, -0.0371, -0.0371)
Top_Xtr: (0.5105, 0.4804, 0.4527, 0.4275, 0.3988, 0.3696, 0.3363, 0.3037, 0.2769, 0.2548, 0.2352, 0.2202, 0.2057, 0.1932, 0.1818, 0.1623, 0.1553, 0.1492, 0.1412, 0.1367, 0.1303, 0.1242, 0.1194, 0.1128, 0.1082, 0.1032, 0.0974, 0.0936, 0.0887, 0.0846, 0.0809, 0.0763, 0.0734, 0.0696, 0.0669, 0.0631, 0.0597, 0.057, 0.0536, 0.0515, 0.0489, 0.0469, 0.0445, 0.0422, 0.0402, 0.0381, 0.0365, 0.0351, 0.0335, 0.0323, 0.031, 0.031)
Bot_Xtr: (0.0395, 0.0443, 0.0507, 0.0614, 0.072, 0.084, 0.0976, 0.1121, 0.1277, 0.1456, 0.1712, 0.2047, 0.2595, 0.4207, 0.6408, 1.0, 1.0, 1.0, 1.0, 1.0, 1.0, 1.0, 1.0, 1.0, 1.0, 1.0, 1.0, 1.0, 1.0, 1.0, 1.0, 1.0, 1.0, 1.0, 1.0, 1.0, 1.0, 1.0, 1.0, 1.0, 1.0, 1.0, 1.0, 1.0, 1.0, 1.0, 1.0, 1.0, 1.0, 1.0, 1.0, 1.0)
CL/CD: (-14.55421686746988, -7.330097087378641, -0.0, 7.44759556103576, 14.932014833127319, 22.342786683107278, 29.559363525091797, 36.48125755743652, 43.23775388291517, 49.881796690307326, 56.3859649122807, 62.973286875725904, 69.61849710982659, 78.08962264150944, 88.15628815628816, 108.0804150453956, 112.30188679245283, 116.10975609756096, 118.94117647058822, 122.27428571428571, 124.5364238410596, 126.47121535181236, 128.40041279669762, 129.2254220456802, 130.3454894433781, 130.86031452358927, 130.5595026642984, 130.82332761578044, 130.0082304526749, 129.20886075949366, 128.21292775665398, 126.24273255813955, 125.02797202797203, 122.59012016021362, 120.69186418962202, 117.57926829268291, 114.11935110081112, 110.72216097023154, 105.74390876101606, 99.5355587808418, 91.70278637770896, 84.43099273607749, 76.19030390738061, 68.2656350741457, 60.46968403074295, 52.88274831964152, 46.06172571180178, 39.884578997161775, 33.969701905847856, 29.104013566987, 24.464783610134564, 24.464783610134564)
