clarky

***** Re = 1000000, Mach = 0.0, nCrit = 9 *****
alpha: (-4.543, -4.043, -3.543, -3.043, -2.543, -2.043, -1.543, -1.043, -0.543, -0.043, 0.457, 0.957, 1.457, 1.957, 2.457, 2.957, 3.457, 3.957, 4.457, 4.957, 5.457, 5.957, 6.457, 6.957, 7.457, 7.957, 8.457, 8.957, 9.457, 10.457, 10.957, 11.457, 11.957, 12.457, 12.957, 13.457, 13.957, 14.457, 14.957, 15.457, 15.957, 16.457, 16.957, 17.457, 17.957, 17.957)
CL: (-0.1117, -0.0562, -0.0001, 0.0561, 0.1125, 0.1691, 0.2254, 0.2816, 0.3381, 0.3939, 0.4471, 0.4931, 0.5751, 0.6269, 0.679, 0.7313, 0.7821, 0.8326, 0.8849, 0.9379, 0.9912, 1.0442, 1.0963, 1.148, 1.197, 1.239, 1.2788, 1.3203, 1.3611, 1.4083, 1.4343, 1.4597, 1.4788, 1.5008, 1.516, 1.5216, 1.5332, 1.5391, 1.5397, 1.5336, 1.5137, 1.4889, 1.4766, 1.4576, 1.4362, 1.4362)
CD: (0.00943, 0.00902, 0.0087, 0.00834, 0.00812, 0.00783, 0.00753, 0.00717, 0.00691, 0.00656, 0.00592, 0.00549, 0.00565, 0.00587, 0.00615, 0.00649, 0.00703, 0.00762, 0.00807, 0.00845, 0.0088, 0.00915, 0.00956, 0.00998, 0.0106, 0.01173, 0.01297, 0.01399, 0.01496, 0.01846, 0.01997, 0.0216, 0.02377, 0.02586, 0.02863, 0.03247, 0.03608, 0.04051, 0.04579, 0.05224, 0.06099, 0.07106, 0.07988, 0.08999, 0.10078, 0.10078)
CDp: (0.00366, 0.00313, 0.0027, 0.00224, 0.00193, 0.0017, 0.00153, 0.00144, 0.0014, 0.00138, 0.00145, 0.00158, 0.00164, 0.00171, 0.00182, 0.00198, 0.00223, 0.00254, 0.00285, 0.00315, 0.00346, 0.00379, 0.00414, 0.00451, 0.00499, 0.00579, 0.00675, 0.00764, 0.00853, 0.01171, 0.01332, 0.01506, 0.01735, 0.01958, 0.02247, 0.02649, 0.03027, 0.03486, 0.04031, 0.04695, 0.05592, 0.06622, 0.07525, 0.08557, 0.09658, 0.09658)
CM: (-0.0839, -0.0837, -0.0836, -0.0836, -0.0835, -0.0836, -0.0837, -0.0839, -0.0842, -0.0843, -0.084, -0.0813, -0.0869, -0.086, -0.0852, -0.0845, -0.0837, -0.0828, -0.0823, -0.0819, -0.0815, -0.0811, -0.0806, -0.0801, -0.0792, -0.0772, -0.0749, -0.0728, -0.0706, -0.0609, -0.0567, -0.0529, -0.0488, -0.0456, -0.0423, -0.039, -0.0368, -0.0351, -0.0339, -0.0335, -0.0342, -0.0361, -0.0382, -0.0411, -0.0447, -0.0447)
Top_Xtr: (0.8278, 0.8063, 0.7853, 0.7649, 0.7442, 0.7249, 0.7078, 0.6912, 0.6721, 0.6529, 0.6313, 0.6077, 0.5799, 0.55, 0.5175, 0.4775, 0.417, 0.3631, 0.3353, 0.3178, 0.3048, 0.2906, 0.2721, 0.2507, 0.2163, 0.1582, 0.1122, 0.0869, 0.0688, 0.0148, 0.013, 0.0118, 0.0109, 0.0101, 0.0095, 0.009, 0.0086, 0.0082, 0.0079, 0.0077, 0.0075, 0.0073, 0.0072, 0.007, 0.0069, 0.0069)
Bot_Xtr: (0.0351, 0.0366, 0.0383, 0.0408, 0.0445, 0.0668, 0.1228, 0.2196, 0.3121, 0.4475, 0.7112, 0.9316, 1.0, 1.0, 1.0, 1.0, 1.0, 1.0, 1.0, 1.0, 1.0, 1.0, 1.0, 1.0, 1.0, 1.0, 1.0, 1.0, 1.0, 1.0, 1.0, 1.0, 1.0, 1.0, 1.0, 1.0, 1.0, 1.0, 1.0, 1.0, 1.0, 1.0, 1.0, 1.0, 1.0, 1.0)
CL/CD: (-11.845174973488866, -6.23059866962306, -0.01149425287356322, 6.726618705035971, 13.854679802955664, 21.596424010217113, 29.933598937583, 39.274755927475596, 48.92908827785818, 60.04573170731707, 75.52364864864865, 89.81785063752277, 101.78761061946902, 106.79727427597956, 110.40650406504065, 112.68104776579352, 111.25177809388336, 109.26509186351706, 109.6530359355638, 110.99408284023669, 112.63636363636363, 114.12021857923497, 114.67573221757321, 115.03006012024048, 112.9245283018868, 105.62659846547315, 98.59676175790284, 94.37455325232308, 90.98262032085562, 76.28927410617551, 71.82273410115172, 67.5787037037037, 62.212873369793854, 58.03557617942768, 52.95144952846665, 46.86171850939329, 42.494456762749444, 37.99308812638855, 33.62524568683119, 29.356814701378255, 24.818822757829153, 20.95271601463552, 18.48522784176264, 16.197355261695744, 14.250843421313753, 14.250843421313753)

***** Re = 4000000, Mach = 0.0, nCrit = 9 *****
alpha: (-4.488, -3.988, -3.488, -2.988, -2.488, -1.988, -1.488, -0.988, -0.488, 0.012, 0.512, 1.012, 1.512, 2.012, 2.512, 3.012, 3.512, 4.012, 4.512, 5.012, 5.512, 6.012, 6.512, 7.012, 7.512, 8.012, 8.512, 9.012, 9.512, 10.012, 10.512, 11.012, 11.512, 12.012, 12.512, 13.012, 13.512, 14.012, 14.512, 15.012, 15.512, 16.012, 16.512, 17.012, 17.512, 18.012, 18.512, 19.012, 19.512, 20.012, 20.512, 20.512)
CL: (-0.1157, -0.0579, -0.0, 0.0581, 0.1159, 0.1739, 0.2317, 0.2891, 0.3466, 0.4036, 0.4604, 0.5171, 0.5724, 0.6265, 0.6808, 0.7296, 0.7932, 0.8501, 0.9059, 0.9611, 1.0155, 1.0672, 1.1156, 1.1642, 1.215, 1.2653, 1.3057, 1.3521, 1.3995, 1.4457, 1.4895, 1.5325, 1.5706, 1.6022, 1.6346, 1.6647, 1.6903, 1.7168, 1.7414, 1.7631, 1.782, 1.7963, 1.8035, 1.8099, 1.8157, 1.8175, 1.8142, 1.8056, 1.7914, 1.7716, 1.7455, 1.7455)
CD: (0.00684, 0.00669, 0.00657, 0.00646, 0.00634, 0.00627, 0.00623, 0.00609, 0.00604, 0.00588, 0.00585, 0.00589, 0.0059, 0.00585, 0.00576, 0.00558, 0.00576, 0.00594, 0.00614, 0.00642, 0.00675, 0.00732, 0.00815, 0.00894, 0.00949, 0.01004, 0.01138, 0.01214, 0.01274, 0.01336, 0.01409, 0.01476, 0.01554, 0.01644, 0.01737, 0.0185, 0.01997, 0.02148, 0.02321, 0.02526, 0.02769, 0.03064, 0.03442, 0.03854, 0.043, 0.04813, 0.05416, 0.06112, 0.06913, 0.07822, 0.08848, 0.08848)
CDp: (0.00191, 0.00172, 0.00155, 0.00139, 0.00121, 0.0011, 0.001, 0.00092, 0.00089, 0.00087, 0.00092, 0.00098, 0.00111, 0.00131, 0.0015, 0.00168, 0.0018, 0.00194, 0.00209, 0.00228, 0.00251, 0.00287, 0.00342, 0.00397, 0.00441, 0.00488, 0.00593, 0.00665, 0.00724, 0.00787, 0.0086, 0.00928, 0.01008, 0.01101, 0.01198, 0.01314, 0.01467, 0.01624, 0.01804, 0.02016, 0.02265, 0.02569, 0.02959, 0.03383, 0.0384, 0.04365, 0.04982, 0.05692, 0.06509, 0.07434, 0.08478, 0.08478)
CM: (-0.0817, -0.082, -0.0823, -0.0827, -0.083, -0.0833, -0.0837, -0.084, -0.0843, -0.0846, -0.0849, -0.0852, -0.0853, -0.0853, -0.0852, -0.0835, -0.0853, -0.0855, -0.0856, -0.0856, -0.0855, -0.0849, -0.0839, -0.0829, -0.0822, -0.0815, -0.0791, -0.0778, -0.0766, -0.0753, -0.0736, -0.0718, -0.0692, -0.0654, -0.0621, -0.0588, -0.0551, -0.0519, -0.0489, -0.046, -0.0433, -0.0407, -0.0383, -0.0364, -0.0352, -0.0344, -0.0341, -0.0345, -0.0355, -0.0373, -0.0399, -0.0399)
Top_Xtr: (0.7044, 0.6863, 0.6667, 0.6497, 0.6296, 0.6096, 0.5871, 0.5622, 0.5381, 0.5125, 0.4822, 0.4482, 0.3996, 0.3484, 0.3155, 0.3001, 0.2852, 0.2756, 0.2645, 0.248, 0.2258, 0.1858, 0.1322, 0.0925, 0.0753, 0.0611, 0.0183, 0.0112, 0.0097, 0.0086, 0.0073, 0.0069, 0.0062, 0.0057, 0.0054, 0.005, 0.0045, 0.0044, 0.0042, 0.004, 0.0038, 0.0036, 0.0034, 0.0033, 0.0032, 0.0032, 0.0031, 0.0031, 0.003, 0.0029, 0.0029, 0.0029)
Bot_Xtr: (0.0263, 0.0272, 0.028, 0.0286, 0.031, 0.0326, 0.0359, 0.0702, 0.1003, 0.1821, 0.2525, 0.3133, 0.4401, 0.6288, 0.8034, 0.9628, 0.9989, 1.0, 1.0, 1.0, 1.0, 1.0, 1.0, 1.0, 1.0, 1.0, 1.0, 1.0, 1.0, 1.0, 1.0, 1.0, 1.0, 1.0, 1.0, 1.0, 1.0, 1.0, 1.0, 1.0, 1.0, 1.0, 1.0, 1.0, 1.0, 1.0, 1.0, 1.0, 1.0, 1.0, 1.0, 1.0)
CL/CD: (-16.915204678362574, -8.654708520179373, -0.0, 8.993808049535604, 18.2807570977918, 27.73524720893142, 37.19101123595505, 47.4712643678161, 57.384105960264904, 68.63945578231294, 78.70085470085469, 87.79286926994907, 97.01694915254238, 107.09401709401708, 118.19444444444443, 130.752688172043, 137.70833333333331, 143.11447811447812, 147.54071661237788, 149.70404984423675, 150.44444444444446, 145.79234972677594, 136.8834355828221, 130.22371364653242, 128.0295047418335, 126.02589641434264, 114.73637961335677, 111.37561779242175, 109.850863422292, 108.21107784431138, 105.71327182398865, 103.82791327913279, 101.06821106821107, 97.45742092457421, 94.10477835348301, 89.98378378378379, 84.64196294441662, 79.92551210428306, 75.02800517018527, 69.7980997624703, 64.35536294691225, 58.62597911227154, 52.39686228936665, 46.961598339387656, 42.22558139534884, 37.76231040930812, 33.49704579025111, 29.541884816753928, 25.913496311297557, 22.648938890309385, 19.727622061482823, 19.727622061482823)

***** Re = 7000000, Mach = 0.0, nCrit = 9 *****
alpha: (-4.476, -3.976, -3.476, -2.976, -2.476, -1.976, -1.476, -0.976, -0.476, 0.024, 0.524, 1.024, 1.524, 2.024, 2.524, 3.524, 4.024, 4.524, 5.024, 6.024, 6.524, 7.024, 7.524, 8.024, 8.524, 9.024, 9.524, 10.024, 10.524, 11.024, 11.524, 12.024, 12.524, 13.024, 13.524, 14.024, 14.524, 15.024, 15.524, 16.024, 16.524, 17.024, 17.524, 18.024, 18.524, 19.024, 19.524, 20.024, 20.524, 21.024, 21.024)
CL: (-0.1163, -0.0581, -0.0, 0.0581, 0.1163, 0.1743, 0.2324, 0.2903, 0.3478, 0.405, 0.4614, 0.5176, 0.5741, 0.6307, 0.6875, 0.8006, 0.8532, 0.9075, 0.9658, 1.0693, 1.1203, 1.173, 1.2247, 1.2695, 1.3189, 1.3689, 1.4182, 1.4665, 1.5131, 1.5586, 1.6023, 1.6419, 1.677, 1.7089, 1.7393, 1.767, 1.7932, 1.8191, 1.8424, 1.863, 1.88, 1.8936, 1.9025, 1.9059, 1.9083, 1.9083, 1.9042, 1.8943, 1.8795, 1.8577, 1.8577)
CD: (0.00625, 0.00613, 0.00601, 0.00595, 0.00591, 0.0059, 0.00587, 0.00588, 0.00579, 0.00583, 0.00585, 0.00596, 0.00608, 0.00605, 0.00587, 0.00564, 0.0055, 0.00565, 0.00602, 0.00724, 0.00788, 0.00831, 0.00881, 0.00989, 0.01051, 0.01101, 0.01152, 0.01206, 0.01265, 0.01326, 0.01391, 0.01467, 0.01539, 0.01624, 0.01726, 0.0185, 0.01991, 0.02144, 0.02324, 0.02537, 0.02791, 0.03091, 0.0345, 0.03888, 0.04368, 0.04897, 0.05503, 0.06206, 0.06999, 0.07916, 0.07916)
CDp: (0.00159, 0.00143, 0.00126, 0.00116, 0.00107, 0.00099, 0.00092, 0.00088, 0.00084, 0.00085, 0.00091, 0.001, 0.00111, 0.00122, 0.00133, 0.0016, 0.00177, 0.00192, 0.00214, 0.00291, 0.00335, 0.00369, 0.00409, 0.00493, 0.00549, 0.00597, 0.00646, 0.00698, 0.00756, 0.00816, 0.00881, 0.00958, 0.01031, 0.01119, 0.01223, 0.01351, 0.01496, 0.01654, 0.0184, 0.02058, 0.02319, 0.02626, 0.02993, 0.03442, 0.03933, 0.04473, 0.05091, 0.05806, 0.06614, 0.07546, 0.07546)
CM: (-0.0815, -0.0819, -0.0822, -0.0826, -0.083, -0.0833, -0.0837, -0.0841, -0.0844, -0.0847, -0.085, -0.0851, -0.0854, -0.0857, -0.0861, -0.0867, -0.086, -0.0856, -0.0864, -0.0853, -0.0847, -0.0843, -0.0838, -0.0821, -0.0812, -0.0805, -0.0797, -0.0787, -0.0775, -0.0761, -0.0744, -0.0721, -0.0689, -0.0653, -0.0618, -0.0583, -0.0549, -0.0518, -0.0488, -0.0459, -0.0431, -0.0407, -0.0384, -0.0365, -0.0352, -0.0345, -0.0343, -0.0346, -0.0357, -0.0374, -0.0374)
Top_Xtr: (0.6532, 0.6345, 0.6149, 0.5935, 0.5728, 0.548, 0.5253, 0.5023, 0.4751, 0.4415, 0.3979, 0.3529, 0.3193, 0.2967, 0.284, 0.2623, 0.2514, 0.2374, 0.2068, 0.1201, 0.0856, 0.0709, 0.0564, 0.0186, 0.011, 0.0091, 0.008, 0.007, 0.0061, 0.0056, 0.0051, 0.0045, 0.0043, 0.0041, 0.0039, 0.0035, 0.0033, 0.0032, 0.0031, 0.003, 0.0029, 0.0027, 0.0026, 0.0024, 0.0023, 0.0023, 0.0023, 0.0023, 0.0022, 0.0022, 0.0022)
Bot_Xtr: (0.0241, 0.0246, 0.0263, 0.0274, 0.0282, 0.0292, 0.032, 0.0357, 0.0757, 0.1051, 0.1769, 0.2378, 0.2903, 0.392, 0.5462, 0.8091, 0.9491, 0.9932, 1.0, 1.0, 1.0, 1.0, 1.0, 1.0, 1.0, 1.0, 1.0, 1.0, 1.0, 1.0, 1.0, 1.0, 1.0, 1.0, 1.0, 1.0, 1.0, 1.0, 1.0, 1.0, 1.0, 1.0, 1.0, 1.0, 1.0, 1.0, 1.0, 1.0, 1.0, 1.0, 1.0)
CL/CD: (-18.608, -9.477977161500815, -0.0, 9.76470588235294, 19.678510998307953, 29.542372881355934, 39.59114139693356, 49.37074829931973, 60.06908462867012, 69.46826758147513, 78.87179487179486, 86.84563758389261, 94.42434210526316, 104.24793388429752, 117.12095400340715, 141.95035460992906, 155.12727272727273, 160.61946902654867, 160.43189368770763, 147.69337016574585, 142.17005076142132, 141.15523465703973, 139.01248581157773, 128.3619817997978, 125.49000951474785, 124.33242506811989, 123.10763888888887, 121.60033167495854, 119.61264822134386, 117.54147812971343, 115.19051042415528, 111.92229038854805, 108.96686159844056, 105.22783251231527, 100.77056778679027, 95.51351351351352, 90.06529382219989, 84.84608208955223, 79.27710843373494, 73.433188805676, 67.35936940164815, 61.26172759624717, 55.14492753623188, 49.02006172839506, 43.68818681318682, 38.968756381458036, 34.60294384880974, 30.523686754753466, 26.85383626232319, 23.467660434562912, 23.467660434562912)

***** Re = 10000000, Mach = 0.0, nCrit = 9 *****
alpha: (-4.468, -3.968, -3.468, -2.968, -2.468, -1.968, -1.468, -0.968, 0.032, 0.532, 1.032, 1.532, 2.032, 2.532, 3.032, 3.532, 4.032, 4.532, 5.032, 5.532, 6.032, 6.532, 7.032, 7.532, 8.032, 8.532, 9.032, 9.532, 10.032, 10.532, 11.032, 11.532, 12.032, 12.532, 13.032, 13.532, 14.032, 14.532, 15.032, 15.532, 16.032, 16.532, 17.032, 17.532, 18.032, 18.532, 19.032, 19.532, 20.032, 20.532, 21.032, 21.532, 21.532)
CL: (-0.1166, -0.0584, 0.0, 0.0582, 0.1164, 0.1746, 0.2329, 0.2907, 0.405, 0.4619, 0.5189, 0.5762, 0.6338, 0.691, 0.7479, 0.8047, 0.8612, 0.9162, 0.9664, 1.0173, 1.0717, 1.1252, 1.1785, 1.2299, 1.276, 1.3276, 1.3787, 1.4288, 1.4778, 1.526, 1.5726, 1.6177, 1.6614, 1.7015, 1.7341, 1.765, 1.7958, 1.8249, 1.8515, 1.8754, 1.896, 1.9146, 1.9322, 1.9471, 1.9582, 1.966, 1.9702, 1.9696, 1.9641, 1.9533, 1.9366, 1.9126, 1.9126)
CD: (0.00592, 0.00585, 0.0058, 0.00572, 0.0057, 0.0057, 0.00569, 0.00573, 0.00584, 0.00591, 0.00589, 0.00593, 0.00594, 0.00589, 0.0057, 0.00561, 0.0056, 0.00577, 0.00609, 0.00657, 0.00712, 0.00754, 0.00794, 0.00849, 0.00949, 0.00993, 0.01037, 0.01084, 0.01136, 0.01187, 0.01245, 0.01306, 0.01368, 0.01437, 0.01516, 0.01603, 0.01699, 0.01812, 0.01947, 0.02109, 0.02305, 0.0253, 0.02776, 0.03063, 0.03398, 0.03787, 0.04237, 0.04762, 0.05372, 0.06068, 0.0687, 0.07799, 0.07799)
CDp: (0.0014, 0.00129, 0.00119, 0.00107, 0.00099, 0.00094, 0.00089, 0.00087, 0.00088, 0.00093, 0.00099, 0.00107, 0.00114, 0.00124, 0.00136, 0.0015, 0.00165, 0.00186, 0.00219, 0.00253, 0.0029, 0.00321, 0.00353, 0.00395, 0.00475, 0.00516, 0.00558, 0.00602, 0.00651, 0.00701, 0.00757, 0.00818, 0.0088, 0.00949, 0.01029, 0.01118, 0.01217, 0.01333, 0.01472, 0.01637, 0.01838, 0.02069, 0.02322, 0.02615, 0.02957, 0.03354, 0.03814, 0.04348, 0.04969, 0.05677, 0.06492, 0.07436, 0.07436)
CM: (-0.0814, -0.0818, -0.0822, -0.0825, -0.0829, -0.0833, -0.0837, -0.0841, -0.0847, -0.0849, -0.0853, -0.0856, -0.086, -0.0865, -0.0869, -0.0873, -0.0875, -0.0875, -0.0865, -0.0856, -0.0857, -0.0854, -0.0852, -0.0846, -0.0831, -0.0826, -0.0821, -0.0814, -0.0805, -0.0796, -0.0784, -0.0769, -0.0753, -0.0731, -0.0694, -0.0657, -0.0623, -0.059, -0.0556, -0.0523, -0.049, -0.0459, -0.0433, -0.0409, -0.0388, -0.037, -0.0356, -0.0347, -0.0344, -0.0346, -0.0354, -0.0371, -0.0371)
Top_Xtr: (0.6164, 0.5949, 0.5753, 0.5543, 0.53, 0.5081, 0.4868, 0.4577, 0.3785, 0.3414, 0.3151, 0.2936, 0.2804, 0.2676, 0.2567, 0.2459, 0.2333, 0.207, 0.1636, 0.1236, 0.0894, 0.0725, 0.0606, 0.0432, 0.0116, 0.0094, 0.0082, 0.0071, 0.0061, 0.0056, 0.0049, 0.0044, 0.0042, 0.0039, 0.0035, 0.0033, 0.0032, 0.0031, 0.0029, 0.0027, 0.0025, 0.0023, 0.0023, 0.0023, 0.0022, 0.0022, 0.0021, 0.0021, 0.002, 0.002, 0.0019, 0.0019, 0.0019)
Bot_Xtr: (0.0237, 0.0241, 0.0242, 0.0263, 0.0275, 0.0282, 0.0296, 0.0326, 0.0841, 0.1268, 0.1973, 0.2453, 0.3006, 0.3963, 0.563, 0.6942, 0.7958, 0.8629, 0.9541, 0.9956, 1.0, 1.0, 1.0, 1.0, 1.0, 1.0, 1.0, 1.0, 1.0, 1.0, 1.0, 1.0, 1.0, 1.0, 1.0, 1.0, 1.0, 1.0, 1.0, 1.0, 1.0, 1.0, 1.0, 1.0, 1.0, 1.0, 1.0, 1.0, 1.0, 1.0, 1.0, 1.0, 1.0)
CL/CD: (-19.695945945945944, -9.982905982905983, 0.0, 10.174825174825175, 20.42105263157895, 30.63157894736842, 40.93145869947276, 50.732984293193724, 69.34931506849315, 78.15566835871404, 88.09847198641766, 97.16694772344013, 106.7003367003367, 117.31748726655347, 131.21052631578948, 143.44028520499108, 153.78571428571428, 158.78682842287697, 158.68637110016422, 154.84018264840182, 150.51966292134833, 149.23076923076923, 148.42569269521414, 144.86454652532393, 134.45732349841938, 133.69587109768378, 132.95081967213113, 131.80811808118082, 130.08802816901408, 128.55939342881214, 126.3132530120482, 123.8667687595712, 121.44736842105263, 118.40640222686152, 114.38654353562005, 110.10605115408609, 105.69746909947027, 100.71192052980132, 95.0950179763739, 88.92366050260786, 82.25596529284164, 75.67588932806325, 69.60374639769452, 63.56839699640875, 57.62801648028251, 51.91444415104304, 46.49988199197546, 41.36077278454431, 36.56180193596426, 32.19017798286091, 28.189228529839887, 24.523656879087063, 24.523656879087063)

***** Re = 1000000, Mach = 0.0, nCrit = 7 *****
alpha: (-4.02, -3.52, -2.52, -2.02, -1.52, -1.02, -0.52, -0.02, 0.48, 0.98, 1.48, 1.98, 2.48, 2.98, 3.48, 3.98, 4.48, 4.98, 5.48, 5.98, 6.48, 6.98, 7.48, 7.98, 8.48, 8.98, 9.48, 9.98, 10.48, 10.98, 11.48, 11.98, 12.48, 12.98, 13.48, 13.98, 14.48, 14.98, 15.48, 15.98, 16.48, 16.98, 17.48, 17.98, 18.48, 18.48)
CL: (-0.056, -0.0, 0.1131, 0.1697, 0.2265, 0.2828, 0.3391, 0.3954, 0.4508, 0.5037, 0.5496, 0.6251, 0.677, 0.7286, 0.7796, 0.8317, 0.8848, 0.9382, 0.9918, 1.0446, 1.0963, 1.146, 1.1892, 1.2314, 1.2746, 1.3173, 1.3564, 1.3778, 1.4077, 1.4345, 1.4633, 1.487, 1.5085, 1.5294, 1.5454, 1.5525, 1.5633, 1.5686, 1.5693, 1.5658, 1.5559, 1.5357, 1.505, 1.4838, 1.4581, 1.4581)
CD: (0.00907, 0.00868, 0.00826, 0.00805, 0.0078, 0.00754, 0.00727, 0.00712, 0.00681, 0.00629, 0.00592, 0.00618, 0.00651, 0.00694, 0.00748, 0.00794, 0.00831, 0.00865, 0.00897, 0.00934, 0.00978, 0.01036, 0.01144, 0.01255, 0.01349, 0.0144, 0.01547, 0.01743, 0.01863, 0.02009, 0.0215, 0.02332, 0.02542, 0.02771, 0.03056, 0.03443, 0.03823, 0.04281, 0.04819, 0.05447, 0.06198, 0.0714, 0.08295, 0.09347, 0.10503, 0.10504)
CDp: (0.00296, 0.00247, 0.00187, 0.00165, 0.00151, 0.00139, 0.00135, 0.00134, 0.00137, 0.00148, 0.00165, 0.00175, 0.00189, 0.00209, 0.00237, 0.00265, 0.00292, 0.00321, 0.0035, 0.00383, 0.00418, 0.00463, 0.00539, 0.00625, 0.00706, 0.00788, 0.00883, 0.01057, 0.01185, 0.01339, 0.0149, 0.01682, 0.01905, 0.02146, 0.02443, 0.02846, 0.03242, 0.03718, 0.04274, 0.0492, 0.0569, 0.06654, 0.07833, 0.08908, 0.10088, 0.10088)
CM: (-0.0829, -0.0829, -0.083, -0.0831, -0.0832, -0.0834, -0.0836, -0.0838, -0.0839, -0.0836, -0.0808, -0.0852, -0.0844, -0.0837, -0.0829, -0.0823, -0.0819, -0.0815, -0.0812, -0.0808, -0.0803, -0.0795, -0.0776, -0.0757, -0.0739, -0.072, -0.0696, -0.0644, -0.0605, -0.0565, -0.0532, -0.0496, -0.0462, -0.0433, -0.0405, -0.0378, -0.036, -0.0345, -0.0336, -0.0335, -0.0342, -0.0359, -0.039, -0.0422, -0.0463, -0.0463)
Top_Xtr: (0.7714, 0.751, 0.7106, 0.6918, 0.6739, 0.6554, 0.6337, 0.6119, 0.5872, 0.5601, 0.5333, 0.4974, 0.4598, 0.4123, 0.3619, 0.3307, 0.311, 0.2965, 0.2848, 0.2698, 0.247, 0.2136, 0.1563, 0.1131, 0.0879, 0.0709, 0.0497, 0.0151, 0.0127, 0.0111, 0.0103, 0.0094, 0.0088, 0.0082, 0.0077, 0.0073, 0.007, 0.0067, 0.0065, 0.0063, 0.0061, 0.0059, 0.0058, 0.0057, 0.0057, 0.0057)
Bot_Xtr: (0.033, 0.035, 0.0398, 0.0509, 0.092, 0.152, 0.2445, 0.3197, 0.4679, 0.7178, 0.9536, 1.0, 1.0, 1.0, 1.0, 1.0, 1.0, 1.0, 1.0, 1.0, 1.0, 1.0, 1.0, 1.0, 1.0, 1.0, 1.0, 1.0, 1.0, 1.0, 1.0, 1.0, 1.0, 1.0, 1.0, 1.0, 1.0, 1.0, 1.0, 1.0, 1.0, 1.0, 1.0, 1.0, 1.0, 1.0)
CL/CD: (-6.1742006615215, -0.0, 13.692493946731236, 21.080745341614907, 29.03846153846154, 37.50663129973475, 46.643741403026134, 55.53370786516854, 66.19676945668135, 80.07949125596186, 92.83783783783784, 101.14886731391586, 103.99385560675884, 104.98559077809799, 104.22459893048128, 104.74811083123427, 106.47412755716006, 108.46242774566474, 110.5685618729097, 111.84154175588866, 112.0961145194274, 110.61776061776061, 103.95104895104895, 98.11952191235059, 94.48480355819125, 91.47916666666666, 87.67937944408533, 79.04761904761904, 75.56092324208265, 71.40368342458935, 68.06046511627908, 63.765008576329336, 59.34303697875688, 55.19307109346807, 50.569371727748695, 45.09148997966889, 40.891969657337164, 36.640971735575796, 32.56484747873003, 28.746098769965123, 25.103259115843823, 21.508403361344538, 18.143459915611814, 15.874612175029421, 13.882700180900695, 13.881378522467632)

***** Re = 4000000, Mach = 0.0, nCrit = 7 *****
alpha: (-4.475, -3.975, -3.475, -2.975, -2.475, -1.975, -1.475, -0.475, 0.025, 0.525, 1.025, 1.525, 2.025, 2.525, 3.025, 3.525, 4.025, 4.525, 5.025, 5.525, 6.025, 6.525, 7.025, 7.525, 8.025, 8.525, 9.025, 9.525, 10.025, 10.525, 11.025, 11.525, 12.025, 12.525, 13.025, 13.525, 14.025, 14.525, 15.025, 15.525, 16.025, 16.525, 17.025, 17.525, 18.025, 18.525, 19.025, 19.525, 20.025, 20.525, 20.525)
CL: (-0.1153, -0.0577, 0.0, 0.0579, 0.1157, 0.1735, 0.2312, 0.3459, 0.4029, 0.459, 0.5149, 0.5711, 0.6272, 0.6825, 0.7383, 0.7914, 0.8437, 0.9057, 0.9602, 1.0117, 1.0619, 1.1117, 1.1628, 1.2139, 1.2627, 1.3046, 1.353, 1.4005, 1.4465, 1.4913, 1.5334, 1.572, 1.6049, 1.6359, 1.6658, 1.6949, 1.7214, 1.7453, 1.7657, 1.7829, 1.7997, 1.813, 1.8225, 1.828, 1.8296, 1.8265, 1.8183, 1.8043, 1.7834, 1.7554, 1.7554)
CD: (0.00693, 0.00677, 0.00668, 0.00661, 0.00656, 0.00649, 0.00648, 0.00638, 0.00637, 0.00637, 0.00651, 0.00657, 0.00651, 0.00628, 0.00615, 0.00602, 0.00609, 0.00631, 0.00665, 0.00725, 0.00794, 0.00865, 0.00919, 0.00971, 0.01038, 0.0116, 0.01218, 0.01277, 0.01341, 0.01405, 0.01478, 0.01553, 0.01636, 0.01736, 0.01851, 0.01976, 0.02126, 0.02302, 0.02516, 0.0277, 0.03045, 0.03366, 0.03743, 0.04182, 0.0469, 0.05281, 0.05964, 0.06754, 0.07669, 0.08715, 0.08715)
CDp: (0.00185, 0.00163, 0.00147, 0.00134, 0.00123, 0.00112, 0.00104, 0.00095, 0.00096, 0.00101, 0.00111, 0.00122, 0.00135, 0.00151, 0.00167, 0.00185, 0.00199, 0.00215, 0.00237, 0.00274, 0.0032, 0.00369, 0.00412, 0.00455, 0.00509, 0.00611, 0.00667, 0.00726, 0.00789, 0.00854, 0.00927, 0.01005, 0.0109, 0.01193, 0.01312, 0.01443, 0.01597, 0.01779, 0.02, 0.02263, 0.02546, 0.02877, 0.03264, 0.03714, 0.04234, 0.04838, 0.05534, 0.0634, 0.07271, 0.08336, 0.08336)
CM: (-0.0815, -0.0818, -0.0821, -0.0824, -0.0827, -0.083, -0.0833, -0.0839, -0.0842, -0.0844, -0.0845, -0.0847, -0.085, -0.0852, -0.0854, -0.0848, -0.0838, -0.0853, -0.0852, -0.0846, -0.0839, -0.083, -0.0824, -0.0818, -0.0808, -0.0787, -0.0777, -0.0766, -0.0752, -0.0737, -0.0718, -0.0692, -0.0657, -0.0622, -0.0588, -0.0556, -0.0524, -0.0493, -0.0462, -0.0433, -0.0409, -0.0388, -0.0369, -0.0355, -0.0346, -0.0342, -0.0344, -0.0353, -0.037, -0.0396, -0.0396)
Top_Xtr: (0.6716, 0.6489, 0.6251, 0.6052, 0.5817, 0.5599, 0.5369, 0.486, 0.4561, 0.4144, 0.3704, 0.3396, 0.316, 0.2939, 0.281, 0.2679, 0.2573, 0.2443, 0.2221, 0.1775, 0.133, 0.0951, 0.076, 0.0619, 0.0443, 0.0124, 0.0101, 0.0087, 0.0075, 0.0068, 0.0061, 0.0056, 0.0052, 0.0047, 0.0044, 0.0042, 0.004, 0.0038, 0.0035, 0.0033, 0.0032, 0.0031, 0.0031, 0.003, 0.0029, 0.0028, 0.0027, 0.0026, 0.0025, 0.0025, 0.0025)
Bot_Xtr: (0.0246, 0.026, 0.027, 0.028, 0.0287, 0.0311, 0.0329, 0.0796, 0.1196, 0.1932, 0.2475, 0.3187, 0.4348, 0.6435, 0.7842, 0.9178, 0.9849, 1.0, 1.0, 1.0, 1.0, 1.0, 1.0, 1.0, 1.0, 1.0, 1.0, 1.0, 1.0, 1.0, 1.0, 1.0, 1.0, 1.0, 1.0, 1.0, 1.0, 1.0, 1.0, 1.0, 1.0, 1.0, 1.0, 1.0, 1.0, 1.0, 1.0, 1.0, 1.0, 1.0, 1.0)
CL/CD: (-16.637806637806637, -8.522895125553914, 0.0, 8.75945537065053, 17.63719512195122, 26.73343605546995, 35.67901234567901, 54.21630094043887, 63.24960753532182, 72.05651491365778, 79.0937019969278, 86.92541856925419, 96.34408602150538, 108.67834394904459, 120.04878048780488, 131.46179401993356, 138.53858784893268, 143.5340729001585, 144.39097744360905, 139.5448275862069, 133.7405541561713, 128.52023121387282, 126.52883569096845, 125.01544799176106, 121.64739884393063, 112.46551724137932, 111.08374384236453, 109.67110415035239, 107.86726323639074, 106.1423487544484, 103.74830852503383, 101.22343850611719, 98.09902200488997, 94.23387096774192, 89.99459751485684, 85.77429149797571, 80.96895578551269, 75.81668114682886, 70.17885532591416, 64.36462093862816, 59.10344827586207, 53.86215092097444, 48.69088966069997, 43.71114299378288, 39.010660980810236, 34.58625260367354, 30.487927565392354, 26.71453953212911, 23.254661624722914, 20.142283419391852, 20.142283419391852)

***** Re = 7000000, Mach = 0.0, nCrit = 7 *****
alpha: (-4.462, -3.962, -3.462, -2.962, -2.462, -1.962, -1.462, -0.962, -0.462, 0.038, 0.538, 1.038, 1.538, 2.038, 2.538, 3.038, 3.538, 4.038, 4.538, 5.038, 5.538, 6.038, 6.538, 7.038, 7.538, 8.038, 8.538, 9.038, 9.538, 10.038, 10.538, 11.038, 11.538, 12.038, 12.538, 13.038, 13.538, 14.038, 14.538, 15.038, 15.538, 16.038, 16.538, 17.038, 17.538, 18.038, 18.538, 19.038, 19.538, 20.038, 20.538, 21.038, 21.538, 21.538)
CL: (-0.1161, -0.058, 0.0, 0.058, 0.1161, 0.1741, 0.232, 0.2897, 0.3466, 0.4033, 0.4603, 0.5177, 0.5748, 0.6318, 0.6889, 0.7454, 0.8019, 0.8579, 0.913, 0.9624, 1.0147, 1.0669, 1.1198, 1.1724, 1.2232, 1.2689, 1.3198, 1.3701, 1.4193, 1.4673, 1.5143, 1.5597, 1.6029, 1.6438, 1.6781, 1.7091, 1.7391, 1.7686, 1.7961, 1.8212, 1.8437, 1.8629, 1.8784, 1.8924, 1.9038, 1.9116, 1.9161, 1.9162, 1.9117, 1.9017, 1.8859, 1.8642, 1.8365, 1.8366)
CD: (0.00636, 0.00629, 0.00623, 0.00616, 0.00613, 0.00614, 0.00614, 0.00618, 0.00622, 0.00632, 0.00637, 0.00631, 0.00634, 0.00634, 0.0063, 0.00615, 0.00603, 0.00606, 0.0063, 0.00666, 0.00708, 0.00762, 0.00807, 0.00852, 0.0091, 0.0101, 0.01057, 0.01105, 0.01156, 0.01211, 0.01267, 0.01329, 0.01397, 0.01465, 0.0154, 0.0163, 0.01734, 0.01848, 0.01981, 0.02138, 0.02325, 0.02547, 0.02813, 0.03112, 0.0345, 0.03845, 0.04299, 0.04823, 0.05429, 0.06128, 0.06931, 0.07841, 0.08859, 0.08859)
CDp: (0.00153, 0.0014, 0.00128, 0.00117, 0.00109, 0.00103, 0.00098, 0.00095, 0.00094, 0.00098, 0.00103, 0.00107, 0.00115, 0.00124, 0.00134, 0.00147, 0.00162, 0.0018, 0.00201, 0.0024, 0.00274, 0.00312, 0.00346, 0.00382, 0.00427, 0.00509, 0.00554, 0.00599, 0.00648, 0.00701, 0.00757, 0.00817, 0.00885, 0.00954, 0.01031, 0.01123, 0.0123, 0.01347, 0.01485, 0.01646, 0.01838, 0.02066, 0.02339, 0.02646, 0.02992, 0.03396, 0.0386, 0.04394, 0.05012, 0.05724, 0.06541, 0.07467, 0.085, 0.085)
CM: (-0.0813, -0.0816, -0.082, -0.0823, -0.0827, -0.0831, -0.0834, -0.0837, -0.084, -0.0842, -0.0845, -0.0849, -0.0852, -0.0855, -0.0859, -0.0863, -0.0866, -0.0868, -0.0868, -0.0857, -0.0851, -0.0847, -0.0843, -0.084, -0.0833, -0.0818, -0.0811, -0.0805, -0.0796, -0.0786, -0.0775, -0.0761, -0.0743, -0.0722, -0.0689, -0.0651, -0.0616, -0.0583, -0.0551, -0.0519, -0.0488, -0.0458, -0.0429, -0.0405, -0.0384, -0.0367, -0.0354, -0.0346, -0.0343, -0.0346, -0.0356, -0.0373, -0.0398, -0.0398)
Top_Xtr: (0.6063, 0.5845, 0.5612, 0.5404, 0.5193, 0.4947, 0.4712, 0.4435, 0.4043, 0.3616, 0.3339, 0.3165, 0.2975, 0.2796, 0.2677, 0.2536, 0.2432, 0.2286, 0.2036, 0.1529, 0.1184, 0.0882, 0.071, 0.0581, 0.0407, 0.0117, 0.0094, 0.0082, 0.0071, 0.0062, 0.0056, 0.0051, 0.0044, 0.0042, 0.0039, 0.0036, 0.0033, 0.0032, 0.0031, 0.003, 0.0028, 0.0026, 0.0024, 0.0023, 0.0023, 0.0023, 0.0022, 0.0022, 0.0021, 0.0021, 0.002, 0.002, 0.002, 0.002)
Bot_Xtr: (0.0237, 0.0241, 0.0245, 0.0263, 0.0276, 0.0282, 0.0301, 0.0327, 0.0544, 0.0812, 0.1167, 0.1822, 0.2336, 0.3027, 0.3868, 0.5466, 0.6892, 0.7836, 0.8186, 0.9343, 1.0, 1.0, 1.0, 1.0, 1.0, 1.0, 1.0, 1.0, 1.0, 1.0, 1.0, 1.0, 1.0, 1.0, 1.0, 1.0, 1.0, 1.0, 1.0, 1.0, 1.0, 1.0, 1.0, 1.0, 1.0, 1.0, 1.0, 1.0, 1.0, 1.0, 1.0, 1.0, 1.0, 1.0)
CL/CD: (-18.254716981132074, -9.220985691573928, 0.0, 9.415584415584416, 18.93964110929853, 28.355048859934858, 37.785016286644954, 46.87702265372169, 55.723472668810295, 63.813291139240505, 72.26059654631084, 82.04437400950873, 90.66246056782335, 99.65299684542587, 109.34920634920634, 121.20325203252031, 132.98507462686567, 141.56765676567656, 144.92063492063494, 144.5045045045045, 143.319209039548, 140.01312335958005, 138.7608426270136, 137.60563380281693, 134.41758241758242, 125.63366336633663, 124.86281929990541, 123.99095022624434, 122.77681660899653, 121.16432700247731, 119.51854775059194, 117.35891647855532, 114.73872584108804, 112.20477815699658, 108.96753246753246, 104.85276073619633, 100.29411764705883, 95.7034632034632, 90.6663301362948, 85.1824134705332, 79.2989247311828, 73.14095013741657, 66.77568432278707, 60.80976863753214, 55.18260869565217, 49.71651495448635, 44.57083042568039, 39.73045822102426, 35.21274636212931, 31.032963446475193, 27.20963785889482, 23.775028695319477, 20.73033073710351, 20.73145953267863)

***** Re = 10000000, Mach = 0.0, nCrit = 7 *****
alpha: (-4.453, -3.953, -3.453, -2.953, -2.453, -1.953, -1.453, -0.953, -0.453, 0.047, 1.047, 1.547, 2.047, 2.547, 3.047, 3.547, 4.047, 4.547, 5.047, 5.547, 6.547, 7.047, 7.547, 8.047, 8.547, 9.047, 9.547, 10.047, 10.547, 11.047, 11.547, 12.047, 12.547, 13.047, 13.547, 14.047, 14.547, 15.047, 15.547, 16.047, 16.547, 17.047, 17.547, 18.047, 18.547, 19.047, 19.547, 20.047, 20.547, 21.047, 21.547, 21.547)
CL: (-0.1163, -0.0582, 0.0, 0.0584, 0.1165, 0.1745, 0.2324, 0.2896, 0.3469, 0.4045, 0.5199, 0.5773, 0.6346, 0.6918, 0.7488, 0.8056, 0.8611, 0.9144, 0.9678, 1.021, 1.1253, 1.1778, 1.2251, 1.2772, 1.3289, 1.3798, 1.4298, 1.4791, 1.527, 1.5737, 1.619, 1.662, 1.7016, 1.7353, 1.7665, 1.7965, 1.8244, 1.8503, 1.8746, 1.8975, 1.9177, 1.9349, 1.949, 1.9591, 1.9656, 1.968, 1.9663, 1.9597, 1.9468, 1.9283, 1.9045, 1.9045)
CD: (0.0061, 0.00604, 0.006, 0.00595, 0.00593, 0.00593, 0.00598, 0.00611, 0.00621, 0.00616, 0.00614, 0.00616, 0.00617, 0.0062, 0.00615, 0.00611, 0.00615, 0.00652, 0.00687, 0.00731, 0.00769, 0.00817, 0.00911, 0.00953, 0.00996, 0.01041, 0.01089, 0.01138, 0.01192, 0.01249, 0.01308, 0.01374, 0.01445, 0.01517, 0.01602, 0.01703, 0.01823, 0.01964, 0.02124, 0.02305, 0.02518, 0.02767, 0.03059, 0.03403, 0.03805, 0.04275, 0.04814, 0.05438, 0.06167, 0.06996, 0.07928, 0.07928)
CDp: (0.00139, 0.00128, 0.00119, 0.00111, 0.00103, 0.00098, 0.00096, 0.00096, 0.00098, 0.00097, 0.00103, 0.0011, 0.00118, 0.00128, 0.00139, 0.00153, 0.00173, 0.00205, 0.00237, 0.00269, 0.0033, 0.00367, 0.0044, 0.00479, 0.00518, 0.00561, 0.00606, 0.00653, 0.00705, 0.0076, 0.00819, 0.00884, 0.00956, 0.01029, 0.01117, 0.0122, 0.01343, 0.01487, 0.01651, 0.01837, 0.02055, 0.0231, 0.02609, 0.0296, 0.03371, 0.0385, 0.04398, 0.05034, 0.05775, 0.06618, 0.07565, 0.07565)
CM: (-0.0812, -0.0815, -0.0819, -0.0823, -0.0827, -0.0831, -0.0834, -0.0837, -0.084, -0.0843, -0.0851, -0.0855, -0.0858, -0.0862, -0.0866, -0.087, -0.0872, -0.0869, -0.0867, -0.0864, -0.0852, -0.0848, -0.0835, -0.0831, -0.0826, -0.082, -0.0813, -0.0805, -0.0795, -0.0783, -0.0769, -0.0752, -0.0728, -0.0693, -0.0657, -0.0622, -0.0587, -0.0553, -0.052, -0.049, -0.0461, -0.0434, -0.0409, -0.0387, -0.0369, -0.0356, -0.0347, -0.0344, -0.0347, -0.0357, -0.0374, -0.0374)
Top_Xtr: (0.5613, 0.5388, 0.5188, 0.5, 0.4768, 0.4521, 0.4232, 0.3807, 0.3455, 0.3255, 0.294, 0.2761, 0.2619, 0.2467, 0.2345, 0.2224, 0.1989, 0.1541, 0.1195, 0.0892, 0.0617, 0.0464, 0.0128, 0.0101, 0.0085, 0.0072, 0.0062, 0.0056, 0.0049, 0.0044, 0.0041, 0.0037, 0.0033, 0.0032, 0.0031, 0.0029, 0.0027, 0.0024, 0.0023, 0.0023, 0.0022, 0.0022, 0.0021, 0.002, 0.002, 0.0019, 0.0018, 0.0017, 0.0016, 0.0016, 0.0015, 0.0015)
Bot_Xtr: (0.0229, 0.0237, 0.0241, 0.0245, 0.0264, 0.0278, 0.0283, 0.0306, 0.0353, 0.0696, 0.1421, 0.1897, 0.2473, 0.3069, 0.4138, 0.5222, 0.6491, 0.7239, 0.7896, 0.813, 1.0, 1.0, 1.0, 1.0, 1.0, 1.0, 1.0, 1.0, 1.0, 1.0, 1.0, 1.0, 1.0, 1.0, 1.0, 1.0, 1.0, 1.0, 1.0, 1.0, 1.0, 1.0, 1.0, 1.0, 1.0, 1.0, 1.0, 1.0, 1.0, 1.0, 1.0, 1.0)
CL/CD: (-19.065573770491802, -9.635761589403973, 0.0, 9.815126050420167, 19.645868465430016, 29.426644182124786, 38.8628762541806, 47.397708674304425, 55.86151368760064, 65.66558441558442, 84.6742671009772, 93.71753246753248, 102.85251215559158, 111.58064516129032, 121.75609756097562, 131.8494271685761, 140.0162601626016, 140.24539877300614, 140.87336244541484, 139.671682626539, 146.33289986996098, 144.16156670746633, 134.47859495060374, 134.01888772298005, 133.42369477911646, 132.5456292026897, 131.29476584022038, 129.9736379613357, 128.10402684563758, 125.99679743795038, 123.77675840978594, 120.96069868995632, 117.75778546712803, 114.39024390243904, 110.26841448189762, 105.49031121550206, 100.07679648930335, 94.21079429735234, 88.25800376647835, 82.32104121475054, 76.15965051628275, 69.92771955186123, 63.71363190585159, 57.56979136056422, 51.65834428383705, 46.03508771929824, 40.845450768591604, 36.03714600956234, 31.568023350089184, 27.562893081761008, 24.022452068617557, 24.022452068617557)

***** Re = 1000000, Mach = 0.1, nCrit = 7 *****
alpha: (-4.518, -4.018, -3.518, -3.018, -2.518, -2.018, -1.518, -1.018, -0.518, -0.018, 0.482, 0.982, 1.482, 1.982, 2.482, 2.982, 3.482, 3.982, 4.482, 5.482, 5.982, 6.482, 6.982, 7.482, 7.982, 8.482, 8.982, 9.482, 9.982, 10.482, 10.982, 11.482, 11.982, 12.482, 12.982, 13.482, 13.982, 14.482, 14.982, 15.482, 15.982, 16.482, 16.982, 17.482, 17.982, 17.982)
CL: (-0.1128, -0.0564, 0.0, 0.0567, 0.1138, 0.1708, 0.2279, 0.2847, 0.3412, 0.3979, 0.4535, 0.5068, 0.5526, 0.6287, 0.6808, 0.7325, 0.7839, 0.8365, 0.8899, 0.9974, 1.0508, 1.1027, 1.1523, 1.1952, 1.2374, 1.2808, 1.3235, 1.3609, 1.3806, 1.4106, 1.4374, 1.4652, 1.4865, 1.5088, 1.5282, 1.5413, 1.5485, 1.5562, 1.5589, 1.5564, 1.5493, 1.5347, 1.5093, 1.4792, 1.4551, 1.4551)
CD: (0.00943, 0.00911, 0.00872, 0.00847, 0.00828, 0.00808, 0.00782, 0.00757, 0.0073, 0.00715, 0.00685, 0.00633, 0.00595, 0.00622, 0.00656, 0.007, 0.00754, 0.00798, 0.00836, 0.00903, 0.00938, 0.00984, 0.01046, 0.01158, 0.01269, 0.01364, 0.01456, 0.01573, 0.01768, 0.01894, 0.02046, 0.022, 0.02408, 0.02623, 0.02875, 0.03201, 0.03605, 0.04034, 0.0454, 0.05143, 0.05846, 0.06694, 0.07746, 0.08921, 0.10046, 0.10046)
CDp: (0.00345, 0.003, 0.00251, 0.00217, 0.00189, 0.00167, 0.00152, 0.00141, 0.00136, 0.00135, 0.00138, 0.0015, 0.00167, 0.00178, 0.00192, 0.00213, 0.00241, 0.00269, 0.00297, 0.00356, 0.00388, 0.00426, 0.00472, 0.00551, 0.00639, 0.00723, 0.00806, 0.0091, 0.01088, 0.01222, 0.01383, 0.01548, 0.01767, 0.01996, 0.0226, 0.02599, 0.03021, 0.03467, 0.03992, 0.04614, 0.05336, 0.06205, 0.0728, 0.08479, 0.09627, 0.09627)
CM: (-0.0835, -0.0834, -0.0834, -0.0834, -0.0834, -0.0835, -0.0837, -0.0838, -0.084, -0.0842, -0.0843, -0.084, -0.0811, -0.0855, -0.0847, -0.0839, -0.0831, -0.0825, -0.0821, -0.0814, -0.0809, -0.0803, -0.0794, -0.0774, -0.0753, -0.0734, -0.0714, -0.0686, -0.0629, -0.059, -0.0551, -0.0516, -0.0478, -0.0446, -0.0417, -0.0389, -0.0364, -0.0347, -0.0335, -0.033, -0.0333, -0.0346, -0.037, -0.0405, -0.0442, -0.0442)
Top_Xtr: (0.7915, 0.77, 0.7494, 0.7294, 0.7093, 0.6904, 0.6723, 0.6537, 0.6319, 0.6097, 0.5848, 0.5574, 0.5306, 0.4939, 0.4552, 0.4067, 0.3584, 0.3287, 0.3096, 0.2835, 0.2687, 0.2453, 0.21, 0.1519, 0.1099, 0.0858, 0.069, 0.0452, 0.0146, 0.0124, 0.011, 0.0101, 0.0092, 0.0086, 0.008, 0.0076, 0.0072, 0.0069, 0.0066, 0.0064, 0.0062, 0.006, 0.0059, 0.0058, 0.0057, 0.0057)
Bot_Xtr: (0.0318, 0.0329, 0.0348, 0.0368, 0.0394, 0.0492, 0.0903, 0.1481, 0.2412, 0.3171, 0.4615, 0.7119, 0.9517, 1.0, 1.0, 1.0, 1.0, 1.0, 1.0, 1.0, 1.0, 1.0, 1.0, 1.0, 1.0, 1.0, 1.0, 1.0, 1.0, 1.0, 1.0, 1.0, 1.0, 1.0, 1.0, 1.0, 1.0, 1.0, 1.0, 1.0, 1.0, 1.0, 1.0, 1.0, 1.0, 1.0)
CL/CD: (-11.961823966065749, -6.190998902305159, 0.0, 6.694214876033058, 13.743961352657006, 21.138613861386137, 29.143222506393858, 37.60898282694848, 46.73972602739726, 55.650349650349646, 66.2043795620438, 80.06319115323855, 92.87394957983193, 101.07717041800645, 103.78048780487805, 104.64285714285715, 103.96551724137932, 104.82456140350878, 106.44736842105264, 110.45404208194905, 112.02558635394456, 112.0630081300813, 110.16252390057362, 103.21243523316062, 97.50985027580772, 93.90029325513197, 90.89972527472527, 86.5162110616656, 78.08823529411764, 74.47729672650476, 70.25415444770285, 66.60000000000001, 61.73172757475083, 57.52192146397255, 53.15478260869565, 48.15057794439238, 42.95423023578363, 38.57709469509172, 34.33700440528634, 30.262492708535877, 26.501881628463906, 22.9265013444876, 19.484895429899304, 16.58110077345589, 14.484371889309179, 14.484371889309179)

***** Re = 4000000, Mach = 0.1, nCrit = 7 *****
alpha: (-4.474, -3.974, -3.474, -2.974, -2.474, -1.974, -1.474, -0.474, 0.026, 0.526, 1.026, 1.526, 2.026, 3.026, 3.526, 4.026, 4.526, 5.026, 5.526, 6.026, 6.526, 7.026, 7.526, 8.026, 8.526, 9.026, 9.526, 10.026, 10.526, 11.026, 11.526, 12.026, 12.526, 13.026, 13.526, 14.026, 14.526, 15.026, 15.526, 16.026, 16.526, 17.026, 17.526, 18.026, 18.526, 19.026, 19.526, 20.026, 20.026)
CL: (-0.1162, -0.0582, -0.0001, 0.0582, 0.1164, 0.1745, 0.2326, 0.348, 0.4053, 0.4617, 0.5179, 0.5744, 0.631, 0.7428, 0.7962, 0.8489, 0.9112, 0.9661, 1.0178, 1.0682, 1.118, 1.1697, 1.2211, 1.2695, 1.3119, 1.3605, 1.4083, 1.4541, 1.4988, 1.5399, 1.5764, 1.6091, 1.6396, 1.67, 1.6983, 1.724, 1.7467, 1.7644, 1.7826, 1.7977, 1.8085, 1.8154, 1.8184, 1.8163, 1.809, 1.7958, 1.775, 1.7464, 1.7464)
CD: (0.00696, 0.00678, 0.00669, 0.00661, 0.00658, 0.00651, 0.00649, 0.00639, 0.00639, 0.00641, 0.00653, 0.00659, 0.00653, 0.00617, 0.00604, 0.00611, 0.00633, 0.00667, 0.00729, 0.00799, 0.00873, 0.00926, 0.00978, 0.01052, 0.01171, 0.0123, 0.0129, 0.01356, 0.01423, 0.01501, 0.01576, 0.01667, 0.01778, 0.01897, 0.02036, 0.02202, 0.02399, 0.02648, 0.0291, 0.03218, 0.0358, 0.04004, 0.04498, 0.05074, 0.05745, 0.06523, 0.07434, 0.08489, 0.08489)
CDp: (0.0019, 0.00165, 0.00149, 0.00136, 0.00125, 0.00113, 0.00105, 0.00096, 0.00097, 0.00102, 0.00112, 0.00124, 0.00136, 0.00169, 0.00187, 0.00202, 0.00218, 0.0024, 0.00278, 0.00326, 0.00377, 0.0042, 0.00463, 0.00523, 0.00624, 0.00682, 0.00742, 0.00808, 0.00875, 0.00954, 0.01033, 0.01127, 0.01242, 0.01366, 0.0151, 0.01682, 0.01886, 0.02144, 0.02415, 0.02732, 0.03105, 0.0354, 0.04046, 0.04635, 0.0532, 0.06114, 0.07042, 0.08116, 0.08117)
CM: (-0.0821, -0.0823, -0.0826, -0.0829, -0.0832, -0.0835, -0.0838, -0.0844, -0.0846, -0.0848, -0.0849, -0.0851, -0.0854, -0.0857, -0.0851, -0.0842, -0.0856, -0.0855, -0.0848, -0.084, -0.083, -0.0824, -0.0817, -0.0806, -0.0784, -0.0773, -0.076, -0.0745, -0.0728, -0.0705, -0.0674, -0.0637, -0.0601, -0.0567, -0.0534, -0.0501, -0.047, -0.0438, -0.0411, -0.0388, -0.0367, -0.035, -0.0339, -0.0332, -0.0332, -0.0339, -0.0355, -0.038, -0.038)
Top_Xtr: (0.6709, 0.6483, 0.6243, 0.6044, 0.5804, 0.5586, 0.5356, 0.4842, 0.4543, 0.4104, 0.3673, 0.3372, 0.315, 0.2803, 0.2672, 0.2569, 0.2438, 0.2213, 0.1757, 0.1313, 0.0923, 0.0748, 0.061, 0.0412, 0.012, 0.0098, 0.0085, 0.0073, 0.0067, 0.0058, 0.0055, 0.0051, 0.0045, 0.0043, 0.0041, 0.0039, 0.0036, 0.0033, 0.0033, 0.0032, 0.0031, 0.0029, 0.0028, 0.0027, 0.0026, 0.0026, 0.0025, 0.0024, 0.0024)
Bot_Xtr: (0.0244, 0.0258, 0.0269, 0.0279, 0.0285, 0.031, 0.0329, 0.0794, 0.1164, 0.1908, 0.2466, 0.3169, 0.4333, 0.783, 0.9179, 0.9852, 1.0, 1.0, 1.0, 1.0, 1.0, 1.0, 1.0, 1.0, 1.0, 1.0, 1.0, 1.0, 1.0, 1.0, 1.0, 1.0, 1.0, 1.0, 1.0, 1.0, 1.0, 1.0, 1.0, 1.0, 1.0, 1.0, 1.0, 1.0, 1.0, 1.0, 1.0, 1.0, 1.0)
CL/CD: (-16.695402298850574, -8.584070796460178, -0.014947683109118088, 8.80484114977307, 17.689969604863222, 26.80491551459293, 35.83975346687211, 54.460093896713616, 63.42723004694836, 72.02808112324493, 79.31087289433384, 87.16236722306525, 96.63093415007657, 120.38897893030794, 131.82119205298014, 138.93617021276594, 143.94944707740916, 144.8425787106447, 139.61591220850482, 133.6921151439299, 128.06414662084765, 126.31749460043197, 124.85685071574642, 120.67490494296578, 112.03245089666952, 110.60975609756098, 109.17054263565892, 107.23451327433628, 105.32677442023893, 102.59160559626915, 100.0253807106599, 96.52669466106778, 92.21597300337457, 88.03373748023193, 83.41355599214145, 78.29246139872842, 72.80950395998332, 66.63141993957704, 61.25773195876288, 55.863890615289, 50.51675977653632, 45.33966033966034, 40.42685638061361, 35.79621600315333, 31.488250652741513, 27.530277479687264, 23.87678235135862, 20.5725055954765, 20.5725055954765)

***** Re = 7000000, Mach = 0.1, nCrit = 7 *****
alpha: (-4.461, -3.961, -3.461, -2.961, -2.461, -1.961, -1.461, -0.961, -0.461, 0.039, 0.539, 1.039, 1.539, 2.039, 2.539, 3.039, 3.539, 4.039, 5.039, 5.539, 6.039, 6.539, 7.039, 7.539, 8.539, 9.039, 9.539, 10.039, 10.539, 11.039, 11.539, 12.039, 12.539, 13.039, 13.539, 14.039, 14.539, 15.039, 15.539, 16.039, 16.539, 17.039, 17.539, 18.039, 18.539, 19.039, 19.539, 20.039, 20.539, 21.039, 21.039)
CL: (-0.117, -0.0585, -0.0001, 0.0584, 0.1168, 0.1751, 0.2334, 0.2914, 0.3487, 0.4056, 0.4631, 0.5208, 0.5782, 0.6357, 0.6931, 0.75, 0.8069, 0.8631, 0.9682, 1.0208, 1.0734, 1.1267, 1.1795, 1.2303, 1.3277, 1.3783, 1.4278, 1.4759, 1.5231, 1.5682, 1.6112, 1.6505, 1.6827, 1.7137, 1.7443, 1.7734, 1.8, 1.8241, 1.8448, 1.8622, 1.8774, 1.8904, 1.8995, 1.9049, 1.9059, 1.9022, 1.8931, 1.8782, 1.857, 1.8284, 1.8284)
CD: (0.00638, 0.0063, 0.00625, 0.00617, 0.00614, 0.00614, 0.00615, 0.00619, 0.00625, 0.00634, 0.00638, 0.00632, 0.00634, 0.00635, 0.00631, 0.00616, 0.00607, 0.00608, 0.00669, 0.00712, 0.00767, 0.00811, 0.00859, 0.00919, 0.01066, 0.01115, 0.01167, 0.01224, 0.01282, 0.01347, 0.01416, 0.01487, 0.0157, 0.01669, 0.01778, 0.01903, 0.02052, 0.02228, 0.0244, 0.02693, 0.02982, 0.03307, 0.0369, 0.04134, 0.04651, 0.05249, 0.05937, 0.0673, 0.07634, 0.08668, 0.08668)
CDp: (0.00155, 0.00142, 0.0013, 0.00118, 0.0011, 0.00104, 0.00099, 0.00096, 0.00095, 0.001, 0.00104, 0.00108, 0.00116, 0.00125, 0.00135, 0.00149, 0.00164, 0.00182, 0.00244, 0.00279, 0.00317, 0.00352, 0.00389, 0.00437, 0.00565, 0.00611, 0.00662, 0.00718, 0.00775, 0.00839, 0.00909, 0.00981, 0.01066, 0.01168, 0.01282, 0.01411, 0.01564, 0.01745, 0.01963, 0.02223, 0.02521, 0.02854, 0.03247, 0.03701, 0.04228, 0.04838, 0.05539, 0.06347, 0.07266, 0.08316, 0.08316)
CM: (-0.0818, -0.0821, -0.0825, -0.0828, -0.0832, -0.0835, -0.0839, -0.0842, -0.0844, -0.0846, -0.0849, -0.0853, -0.0856, -0.0859, -0.0863, -0.0867, -0.087, -0.0871, -0.086, -0.0853, -0.0848, -0.0845, -0.084, -0.0832, -0.0809, -0.0801, -0.0792, -0.078, -0.0767, -0.0751, -0.0731, -0.0705, -0.0666, -0.0628, -0.0594, -0.056, -0.0526, -0.0493, -0.0461, -0.0431, -0.0404, -0.0381, -0.0362, -0.0346, -0.0336, -0.0331, -0.0332, -0.034, -0.0356, -0.038, -0.038)
Top_Xtr: (0.6059, 0.584, 0.5612, 0.5398, 0.5187, 0.4947, 0.4699, 0.4422, 0.4009, 0.3588, 0.3323, 0.3157, 0.297, 0.2795, 0.2674, 0.2534, 0.243, 0.2277, 0.1521, 0.1167, 0.0875, 0.0707, 0.057, 0.0386, 0.0092, 0.008, 0.007, 0.0059, 0.0055, 0.0049, 0.0044, 0.0041, 0.0038, 0.0034, 0.0033, 0.0031, 0.003, 0.0028, 0.0026, 0.0024, 0.0023, 0.0023, 0.0023, 0.0022, 0.0021, 0.0021, 0.002, 0.002, 0.0019, 0.0019, 0.0019)
Bot_Xtr: (0.0236, 0.024, 0.0243, 0.0261, 0.0275, 0.0282, 0.0298, 0.0325, 0.052, 0.0805, 0.1143, 0.1802, 0.2341, 0.3028, 0.3865, 0.5483, 0.6748, 0.7847, 0.9353, 1.0, 1.0, 1.0, 1.0, 1.0, 1.0, 1.0, 1.0, 1.0, 1.0, 1.0, 1.0, 1.0, 1.0, 1.0, 1.0, 1.0, 1.0, 1.0, 1.0, 1.0, 1.0, 1.0, 1.0, 1.0, 1.0, 1.0, 1.0, 1.0, 1.0, 1.0, 1.0)
CL/CD: (-18.338557993730408, -9.285714285714286, -0.016, 9.46515397082658, 19.022801302931597, 28.517915309446256, 37.951219512195124, 47.07592891760905, 55.792, 63.97476340694006, 72.58620689655173, 82.40506329113924, 91.19873817034701, 100.11023622047246, 109.84152139461175, 121.75324675324676, 132.9324546952224, 141.95723684210526, 144.7234678624813, 143.37078651685394, 139.94784876140807, 138.92725030826142, 137.31082654249127, 133.87377584330793, 124.54971857410884, 123.61434977578476, 122.34790059982862, 120.58006535947713, 118.80655226209048, 116.42167780252413, 113.78531073446327, 110.99529253530599, 107.1783439490446, 102.67825044937088, 98.10461192350955, 93.18970047293747, 87.71929824561404, 81.87163375224416, 75.60655737704917, 69.14964723356852, 62.95774647887324, 57.16359237980042, 51.476964769647694, 46.07885824866957, 40.978284239948394, 36.239283673080585, 31.886474650496883, 27.907875185735513, 24.325386429132823, 21.093677895708353, 21.093677895708353)

***** Re = 10000000, Mach = 0.1, nCrit = 7 *****
alpha: (-4.452, -3.952, -3.452, -2.952, -2.452, -1.952, -1.452, -0.952, 0.048, 1.048, 1.548, 2.048, 2.548, 3.048, 3.548, 4.048, 4.548, 5.048, 5.548, 6.048, 6.548, 7.048, 7.548, 8.048, 8.548, 9.048, 9.548, 10.048, 10.548, 11.048, 11.548, 12.048, 12.548, 13.048, 13.548, 14.048, 14.548, 15.048, 15.548, 16.048, 16.548, 17.048, 17.548, 18.048, 18.548, 19.048, 19.548, 20.048, 20.548, 21.048, 21.048)
CL: (-0.1173, -0.0587, -0.0001, 0.0587, 0.1172, 0.1756, 0.2337, 0.2914, 0.407, 0.5231, 0.5808, 0.6385, 0.6961, 0.7534, 0.8105, 0.8664, 0.9202, 0.9737, 1.0273, 1.0751, 1.1323, 1.185, 1.2326, 1.285, 1.3372, 1.3884, 1.4387, 1.4882, 1.5362, 1.5831, 1.6282, 1.6705, 1.7085, 1.7406, 1.772, 1.8016, 1.8288, 1.8544, 1.8786, 1.9002, 1.9191, 1.9345, 1.9457, 1.9535, 1.9567, 1.9552, 1.9493, 1.9369, 1.9217, 1.8995, 1.8995)
CD: (0.00611, 0.00605, 0.006, 0.00596, 0.00593, 0.00594, 0.006, 0.00611, 0.00617, 0.00615, 0.00617, 0.00617, 0.00621, 0.00615, 0.00613, 0.00617, 0.00652, 0.0069, 0.00734, 0.00737, 0.00773, 0.00823, 0.00917, 0.00961, 0.01004, 0.0105, 0.011, 0.0115, 0.01206, 0.01264, 0.01326, 0.01396, 0.01468, 0.01547, 0.01641, 0.01753, 0.01887, 0.0204, 0.02214, 0.02417, 0.02656, 0.0294, 0.03274, 0.03667, 0.0413, 0.0467, 0.05288, 0.06013, 0.06804, 0.07714, 0.07714)
CDp: (0.00141, 0.0013, 0.00121, 0.00112, 0.00104, 0.00099, 0.00097, 0.00097, 0.00098, 0.00104, 0.00111, 0.00119, 0.00129, 0.00141, 0.00155, 0.00175, 0.00207, 0.0024, 0.00273, 0.00307, 0.00335, 0.00374, 0.00449, 0.00489, 0.00529, 0.00572, 0.00619, 0.00668, 0.00723, 0.00779, 0.00841, 0.00911, 0.00984, 0.01066, 0.01162, 0.01277, 0.01414, 0.01572, 0.01751, 0.0196, 0.02205, 0.02495, 0.02838, 0.03239, 0.03711, 0.04261, 0.04892, 0.05629, 0.06434, 0.07359, 0.07359)
CM: (-0.0817, -0.082, -0.0824, -0.0828, -0.0832, -0.0835, -0.0839, -0.0841, -0.0848, -0.0855, -0.0859, -0.0863, -0.0866, -0.087, -0.0873, -0.0875, -0.0873, -0.087, -0.0866, -0.0849, -0.0853, -0.0848, -0.0834, -0.083, -0.0824, -0.0817, -0.0809, -0.08, -0.0788, -0.0775, -0.0758, -0.0737, -0.0709, -0.067, -0.0633, -0.0597, -0.056, -0.0526, -0.0493, -0.0462, -0.0434, -0.0407, -0.0382, -0.0362, -0.0346, -0.0335, -0.033, -0.0332, -0.034, -0.0356, -0.0356)
Top_Xtr: (0.5607, 0.539, 0.5184, 0.5, 0.4767, 0.4511, 0.421, 0.3795, 0.3244, 0.2938, 0.2758, 0.2618, 0.2464, 0.2345, 0.222, 0.1987, 0.1557, 0.1185, 0.0886, 0.072, 0.0612, 0.0453, 0.0125, 0.0097, 0.0083, 0.0071, 0.0059, 0.0055, 0.0047, 0.0043, 0.004, 0.0035, 0.0033, 0.0032, 0.003, 0.0028, 0.0025, 0.0023, 0.0023, 0.0022, 0.0022, 0.0021, 0.002, 0.0019, 0.0018, 0.0017, 0.0016, 0.0015, 0.0015, 0.0015, 0.0015)
Bot_Xtr: (0.0228, 0.0236, 0.024, 0.0244, 0.0264, 0.0277, 0.0283, 0.0307, 0.0694, 0.1394, 0.1905, 0.2508, 0.3048, 0.4166, 0.5222, 0.6513, 0.7255, 0.7901, 0.8136, 0.9889, 1.0, 1.0, 1.0, 1.0, 1.0, 1.0, 1.0, 1.0, 1.0, 1.0, 1.0, 1.0, 1.0, 1.0, 1.0, 1.0, 1.0, 1.0, 1.0, 1.0, 1.0, 1.0, 1.0, 1.0, 1.0, 1.0, 1.0, 1.0, 1.0, 1.0, 1.0)
CL/CD: (-19.198036006546644, -9.702479338842975, -0.016666666666666666, 9.848993288590604, 19.763912310286678, 29.562289562289564, 38.949999999999996, 47.69230769230769, 65.9643435980551, 85.0569105691057, 94.13290113452187, 103.48460291734197, 112.09339774557166, 122.5040650406504, 132.21859706362153, 140.42139384116692, 141.13496932515338, 141.1159420289855, 139.9591280653951, 145.87516960651288, 146.48124191461838, 143.98541919805592, 134.41657579062158, 133.71488033298647, 133.18725099601593, 132.22857142857143, 130.7909090909091, 129.40869565217392, 127.37976782752902, 125.24525316455696, 122.79034690799398, 119.66332378223497, 116.38283378746593, 112.51454427925016, 107.98293723339427, 102.77239018824872, 96.91573926868044, 90.90196078431372, 84.8509485094851, 78.6181216383947, 72.25527108433735, 65.79931972789116, 59.428833231521075, 53.272429779110986, 47.37772397094431, 41.86723768736617, 36.86270801815431, 32.21187427240978, 28.24368018812463, 24.62406015037594, 24.62406015037594)

***** Re = 100000, Mach = 0.0, nCrit = 9 *****
alpha: (-3.402, -2.902, -2.402, -1.902, -1.402, -0.902, -0.402, 0.098, 0.598, 1.098, 1.598, 2.098, 2.598, 3.098, 3.598, 4.098, 4.598, 5.098, 5.598, 6.098, 6.598, 7.098, 7.598, 8.098, 8.598, 9.098, 9.598, 10.098, 10.598, 11.098, 11.598, 12.098, 12.598, 13.098, 13.598, 14.098, 14.598, 15.098, 15.098)
CL: (-0.1537, -0.076, 0.0003, 0.0751, 0.1376, 0.2458, 0.3282, 0.3898, 0.4553, 0.5117, 0.5714, 0.6288, 0.6835, 0.7346, 0.7892, 0.8404, 0.8918, 0.9419, 0.991, 1.0394, 1.087, 1.1321, 1.1776, 1.2217, 1.2631, 1.2997, 1.3276, 1.3448, 1.3571, 1.3687, 1.3795, 1.3848, 1.3846, 1.3741, 1.3507, 1.3286, 1.3175, 1.3159, 1.3159)
CD: (0.02703, 0.02509, 0.02356, 0.02172, 0.01939, 0.01887, 0.01835, 0.01828, 0.01798, 0.01788, 0.01759, 0.01735, 0.01722, 0.01728, 0.01723, 0.01737, 0.01765, 0.01818, 0.01891, 0.01972, 0.02042, 0.02131, 0.02229, 0.02333, 0.02451, 0.02582, 0.02721, 0.02862, 0.03027, 0.03236, 0.03488, 0.03789, 0.04159, 0.04661, 0.05385, 0.06178, 0.06908, 0.07542, 0.07542)
CDp: (0.01794, 0.01573, 0.01432, 0.01336, 0.01337, 0.01236, 0.01145, 0.01111, 0.0106, 0.01034, 0.00991, 0.00953, 0.0093, 0.00928, 0.00911, 0.00915, 0.00927, 0.00966, 0.01029, 0.01105, 0.01163, 0.01257, 0.01362, 0.01471, 0.01593, 0.01731, 0.01873, 0.02024, 0.02195, 0.02404, 0.02666, 0.02983, 0.03366, 0.03883, 0.04625, 0.05417, 0.06165, 0.06804, 0.06804)
CM: (-0.0669, -0.0713, -0.0755, -0.0796, -0.079, -0.088, -0.0921, -0.0926, -0.0934, -0.0925, -0.092, -0.0909, -0.0894, -0.0875, -0.086, -0.0841, -0.0824, -0.0807, -0.0792, -0.0776, -0.0759, -0.074, -0.0722, -0.0702, -0.0679, -0.0648, -0.0605, -0.0548, -0.0486, -0.0429, -0.0381, -0.0335, -0.0296, -0.0265, -0.0245, -0.0234, -0.0229, -0.0222, -0.0222)
Top_Xtr: (0.9566, 0.9444, 0.9318, 0.9191, 0.9063, 0.8871, 0.8698, 0.8504, 0.8326, 0.8113, 0.791, 0.7685, 0.7429, 0.7123, 0.681, 0.6441, 0.6056, 0.5676, 0.5327, 0.5008, 0.4687, 0.4393, 0.4124, 0.3848, 0.355, 0.3214, 0.2831, 0.245, 0.2133, 0.1896, 0.169, 0.1498, 0.1315, 0.1114, 0.0878, 0.0706, 0.0602, 0.0539, 0.054)
Bot_Xtr: (0.1078, 0.1172, 0.1417, 0.2797, 0.8293, 1.0, 1.0, 1.0, 1.0, 1.0, 1.0, 1.0, 1.0, 1.0, 1.0, 1.0, 1.0, 1.0, 1.0, 1.0, 1.0, 1.0, 1.0, 1.0, 1.0, 1.0, 1.0, 1.0, 1.0, 1.0, 1.0, 1.0, 1.0, 1.0, 1.0, 1.0, 1.0, 1.0, 1.0)
CL/CD: (-5.686274509803922, -3.0290952570745313, 0.012733446519524617, 3.457642725598527, 7.096441464672512, 13.025967143614201, 17.885558583106263, 21.323851203501093, 25.322580645161292, 28.618568232662195, 32.484366117111996, 36.24207492795389, 39.692218350754935, 42.511574074074076, 45.80383052814858, 48.38226827864134, 50.52691218130312, 51.8096809680968, 52.40613432046536, 52.707910750507104, 53.23212536728697, 53.125293289535435, 52.83086585912965, 52.366052293184744, 51.53406772745817, 50.336948102246325, 48.790885703785364, 46.98812019566736, 44.83316815328708, 42.296044499381956, 39.549885321100916, 36.54790182106097, 33.291656648232745, 29.48079811199314, 25.08263695450325, 21.505341534477175, 19.072090330052113, 17.447626624237603, 17.447626624237603)

***** Re = 400000, Mach = 0.0, nCrit = 9 *****
alpha: (-4.651, -4.151, -3.651, -3.151, -2.651, -2.151, -1.651, -1.151, -0.651, -0.151, 0.349, 0.849, 1.349, 1.849, 2.349, 2.849, 3.349, 3.849, 4.349, 4.849, 5.349, 5.849, 6.349, 6.849, 7.349, 7.849, 8.349, 8.849, 9.349, 9.849, 10.349, 10.849, 11.349, 11.849, 12.349, 12.849, 13.349, 13.849, 14.349, 14.849, 15.349, 15.849, 15.849)
CL: (-0.1054, -0.0525, -0.0, 0.0538, 0.1084, 0.1623, 0.2163, 0.2706, 0.3208, 0.3683, 0.4605, 0.5116, 0.5632, 0.6151, 0.6674, 0.7194, 0.7708, 0.8213, 0.8699, 0.9173, 0.9657, 1.0151, 1.0643, 1.1131, 1.1613, 1.2085, 1.2539, 1.2938, 1.3235, 1.351, 1.3781, 1.4038, 1.4152, 1.4215, 1.4303, 1.4375, 1.4373, 1.4234, 1.4165, 1.4071, 1.395, 1.3809, 1.3809)
CD: (0.01316, 0.01236, 0.01144, 0.0109, 0.01036, 0.00964, 0.00909, 0.00862, 0.00773, 0.00716, 0.00725, 0.00739, 0.00753, 0.0077, 0.00791, 0.00817, 0.0085, 0.00892, 0.00949, 0.01019, 0.01085, 0.01145, 0.01205, 0.01264, 0.01321, 0.01379, 0.01445, 0.01544, 0.01707, 0.01856, 0.02003, 0.02167, 0.0244, 0.02773, 0.03116, 0.03502, 0.03992, 0.04668, 0.05321, 0.06052, 0.06864, 0.07733, 0.07733)
CDp: (0.00654, 0.00562, 0.00463, 0.00399, 0.00341, 0.00293, 0.00271, 0.00257, 0.00256, 0.00266, 0.00258, 0.00253, 0.00255, 0.00258, 0.00266, 0.00278, 0.00296, 0.00321, 0.00353, 0.00395, 0.00444, 0.00496, 0.00552, 0.00611, 0.00669, 0.00729, 0.00792, 0.00875, 0.01007, 0.01143, 0.01288, 0.01449, 0.01693, 0.02025, 0.02386, 0.02794, 0.03304, 0.04001, 0.04678, 0.05433, 0.06266, 0.07153, 0.07153)
CM: (-0.0898, -0.0889, -0.0879, -0.0872, -0.0866, -0.0862, -0.0859, -0.0856, -0.0846, -0.0815, -0.089, -0.0879, -0.0869, -0.086, -0.0852, -0.0843, -0.0834, -0.0823, -0.081, -0.0796, -0.0784, -0.0774, -0.0764, -0.0753, -0.0742, -0.0729, -0.0714, -0.0691, -0.0654, -0.0612, -0.0572, -0.0534, -0.0483, -0.0434, -0.0397, -0.0367, -0.0342, -0.0326, -0.0319, -0.0322, -0.0332, -0.0348, -0.0348)
Top_Xtr: (0.9065, 0.8892, 0.8704, 0.8501, 0.8311, 0.8105, 0.7896, 0.7703, 0.7518, 0.7331, 0.7133, 0.693, 0.6709, 0.647, 0.621, 0.5912, 0.5563, 0.5137, 0.4605, 0.4086, 0.3742, 0.3526, 0.335, 0.3183, 0.2978, 0.2743, 0.2445, 0.1955, 0.1435, 0.1141, 0.0946, 0.075, 0.0333, 0.0219, 0.0193, 0.0178, 0.0168, 0.0161, 0.0156, 0.0151, 0.0146, 0.0141, 0.0141)
Bot_Xtr: (0.0488, 0.0514, 0.0544, 0.0593, 0.0712, 0.1394, 0.2632, 0.3856, 0.6642, 0.9293, 1.0, 1.0, 1.0, 1.0, 1.0, 1.0, 1.0, 1.0, 1.0, 1.0, 1.0, 1.0, 1.0, 1.0, 1.0, 1.0, 1.0, 1.0, 1.0, 1.0, 1.0, 1.0, 1.0, 1.0, 1.0, 1.0, 1.0, 1.0, 1.0, 1.0, 1.0, 1.0, 1.0)
CL/CD: (-8.009118541033434, -4.247572815533981, -0.0, 4.935779816513762, 10.463320463320464, 16.836099585062243, 23.795379537953792, 31.392111368909518, 41.5006468305304, 51.43854748603352, 63.51724137931034, 69.22868741542626, 74.79415670650731, 79.88311688311688, 84.37420986093552, 88.05385556915544, 90.68235294117648, 92.07399103139014, 91.66491043203372, 90.01962708537782, 89.00460829493088, 88.65502183406113, 88.32365145228216, 88.0617088607595, 87.9106737320212, 87.63596809282087, 86.77508650519032, 83.79533678756476, 77.5336848271822, 72.79094827586206, 68.80179730404394, 64.78080295339178, 58.0, 51.26217093400649, 45.90179717586649, 41.047972587093085, 36.004509018036075, 30.492716366752358, 26.620935914301825, 23.25016523463318, 20.323426573426573, 17.85723522565628, 17.85723522565628)

***** Re = 700000, Mach = 0.0, nCrit = 9 *****
alpha: (-4.57, -4.07, -3.57, -3.07, -2.57, -2.07, -1.57, -1.07, -0.57, -0.07, 0.43, 0.93, 1.43, 1.93, 2.43, 2.93, 3.43, 4.43, 4.93, 5.43, 5.93, 6.43, 6.93, 7.43, 7.93, 8.43, 8.93, 9.43, 9.93, 10.43, 10.93, 11.43, 11.93, 12.43, 12.93, 13.43, 13.93, 14.43, 14.93, 15.43, 15.93, 15.93)
CL: (-0.1088, -0.0552, 0.0, 0.0557, 0.1117, 0.1673, 0.223, 0.2786, 0.3343, 0.3874, 0.4336, 0.5173, 0.5715, 0.6235, 0.6757, 0.728, 0.7796, 0.8789, 0.9301, 0.9821, 1.0339, 1.0848, 1.1363, 1.1862, 1.2334, 1.2724, 1.3087, 1.3463, 1.3812, 1.3961, 1.4139, 1.4359, 1.4492, 1.4663, 1.4775, 1.4742, 1.4779, 1.4775, 1.4715, 1.4609, 1.4449, 1.4449)
CD: (0.01067, 0.0099, 0.00949, 0.00908, 0.00879, 0.0084, 0.00798, 0.00764, 0.0073, 0.0066, 0.006, 0.00605, 0.00622, 0.00641, 0.00667, 0.00698, 0.00739, 0.00861, 0.00913, 0.00956, 0.00999, 0.01046, 0.01087, 0.01137, 0.01206, 0.01332, 0.0147, 0.01586, 0.01701, 0.01912, 0.02122, 0.02317, 0.02587, 0.02849, 0.03181, 0.03676, 0.04147, 0.04695, 0.05347, 0.06106, 0.06987, 0.06987)
CDp: (0.0046, 0.00372, 0.00319, 0.00268, 0.00231, 0.00202, 0.00184, 0.00175, 0.0017, 0.00172, 0.00184, 0.00187, 0.00189, 0.00194, 0.00204, 0.0022, 0.00241, 0.00307, 0.00344, 0.00382, 0.00422, 0.00465, 0.00505, 0.00551, 0.00606, 0.00699, 0.00811, 0.00916, 0.01024, 0.01203, 0.01414, 0.01623, 0.01908, 0.02187, 0.02535, 0.03049, 0.0354, 0.04108, 0.04781, 0.0556, 0.0646, 0.0646)
CM: (-0.0854, -0.0849, -0.0846, -0.0844, -0.0843, -0.0841, -0.0842, -0.0843, -0.0844, -0.0841, -0.0814, -0.087, -0.0866, -0.0858, -0.085, -0.0843, -0.0835, -0.0815, -0.0807, -0.0802, -0.0796, -0.0789, -0.0783, -0.0775, -0.0762, -0.0738, -0.071, -0.0684, -0.0654, -0.0593, -0.0542, -0.0502, -0.0458, -0.0424, -0.0393, -0.0363, -0.0345, -0.0334, -0.0331, -0.0336, -0.0351, -0.0351)
Top_Xtr: (0.8596, 0.8381, 0.8178, 0.7971, 0.7768, 0.756, 0.737, 0.7192, 0.7018, 0.6827, 0.6638, 0.6409, 0.6163, 0.5898, 0.5588, 0.5244, 0.4816, 0.3705, 0.3434, 0.3257, 0.3112, 0.2951, 0.2762, 0.2521, 0.2159, 0.1573, 0.1131, 0.0899, 0.0708, 0.0259, 0.0169, 0.0149, 0.0135, 0.0127, 0.0119, 0.0112, 0.0108, 0.0104, 0.01, 0.0097, 0.0095, 0.0095)
Bot_Xtr: (0.0391, 0.0411, 0.0436, 0.0466, 0.0525, 0.0928, 0.1749, 0.2802, 0.3932, 0.6423, 0.8922, 0.9987, 1.0, 1.0, 1.0, 1.0, 1.0, 1.0, 1.0, 1.0, 1.0, 1.0, 1.0, 1.0, 1.0, 1.0, 1.0, 1.0, 1.0, 1.0, 1.0, 1.0, 1.0, 1.0, 1.0, 1.0, 1.0, 1.0, 1.0, 1.0, 1.0, 1.0)
CL/CD: (-10.196813495782568, -5.575757575757575, 0.0, 6.134361233480177, 12.707622298065985, 19.916666666666668, 27.944862155388474, 36.46596858638743, 45.794520547945204, 58.6969696969697, 72.26666666666667, 85.50413223140495, 91.88102893890675, 97.26989079563184, 101.30434782608695, 104.29799426934098, 105.49391069012178, 102.07897793263648, 101.87294633077767, 102.73012552301255, 103.49349349349349, 103.70936902485658, 104.53541858325669, 104.32717678100263, 102.27197346600333, 95.52552552552552, 89.02721088435375, 84.88650693568727, 81.19929453262786, 73.01778242677823, 66.63053722902922, 61.972378075097104, 56.018554310011595, 51.46718146718146, 46.44765796919208, 40.103373231773666, 35.63781046539667, 31.46964856230032, 27.520104731625214, 23.92564690468392, 20.679833977386576, 20.679833977386576)
