e855

***** Re = 1000000, Mach = 0.0, nCrit = 9 *****
alpha: (-6.068, -5.568, -5.068, -4.568, -4.068, -3.568, -3.068, -2.568, -2.068, -1.568, -1.068, -0.568, 0.432, 0.932, 1.432, 1.932, 2.432, 2.932, 3.432, 3.932, 4.432, 4.932, 5.432, 5.932, 6.432, 6.932, 7.432, 7.932, 8.432, 8.932, 9.432, 10.432, 10.932, 11.432, 11.932, 12.432, 12.932, 13.432, 13.932, 14.432, 14.932, 15.432, 15.932, 16.432, 16.932, 16.932)
CL: (-0.1148, -0.0578, 0.0, 0.0587, 0.1174, 0.1758, 0.2341, 0.2923, 0.3505, 0.4086, 0.4667, 0.5248, 0.6403, 0.6978, 0.7556, 0.8128, 0.8697, 0.9269, 0.9831, 1.0395, 1.0954, 1.1504, 1.2053, 1.2595, 1.3128, 1.3643, 1.4026, 1.4484, 1.4784, 1.4993, 1.5159, 1.551, 1.5676, 1.5835, 1.5951, 1.6064, 1.6153, 1.6211, 1.6237, 1.6225, 1.6184, 1.6119, 1.6026, 1.5965, 1.5837, 1.5837)
CD: (0.00951, 0.00909, 0.00853, 0.00771, 0.00729, 0.00725, 0.00728, 0.00735, 0.00742, 0.0075, 0.00758, 0.00765, 0.00784, 0.00795, 0.00804, 0.00817, 0.0083, 0.00841, 0.00858, 0.00871, 0.00885, 0.00901, 0.00918, 0.00937, 0.0096, 0.00978, 0.00995, 0.01069, 0.01234, 0.01424, 0.01596, 0.01959, 0.02166, 0.02403, 0.02703, 0.03045, 0.0344, 0.03894, 0.04402, 0.04966, 0.05582, 0.06248, 0.06968, 0.0767, 0.08475, 0.08475)
CDp: (0.00346, 0.00305, 0.00263, 0.00218, 0.00198, 0.0019, 0.00187, 0.00184, 0.00183, 0.00186, 0.00189, 0.00192, 0.00206, 0.00215, 0.00226, 0.0024, 0.00256, 0.00274, 0.00295, 0.00316, 0.00338, 0.00362, 0.0039, 0.00422, 0.00456, 0.00495, 0.00531, 0.0059, 0.00709, 0.00855, 0.01001, 0.01336, 0.0154, 0.01778, 0.0208, 0.02429, 0.02833, 0.03296, 0.03814, 0.04391, 0.0502, 0.057, 0.06434, 0.07153, 0.07975, 0.07975)
CM: (-0.1266, -0.1274, -0.1285, -0.13, -0.1312, -0.1319, -0.1325, -0.133, -0.1336, -0.1342, -0.1348, -0.1354, -0.1365, -0.137, -0.1375, -0.138, -0.1385, -0.139, -0.1393, -0.1396, -0.1399, -0.14, -0.1402, -0.1401, -0.14, -0.1394, -0.1359, -0.1345, -0.1304, -0.1247, -0.1182, -0.1069, -0.102, -0.0976, -0.0936, -0.0905, -0.088, -0.0859, -0.0841, -0.0826, -0.0814, -0.0806, -0.0802, -0.0801, -0.0804, -0.0804)
Top_Xtr: (0.7291, 0.7069, 0.6867, 0.6679, 0.6495, 0.6327, 0.6165, 0.6019, 0.5884, 0.5762, 0.5647, 0.5543, 0.5354, 0.5264, 0.5183, 0.5104, 0.5026, 0.4952, 0.4877, 0.479, 0.4683, 0.4549, 0.4429, 0.4302, 0.4159, 0.3962, 0.3708, 0.3289, 0.2442, 0.171, 0.1222, 0.0652, 0.0497, 0.0381, 0.0292, 0.0231, 0.0186, 0.0148, 0.0117, 0.0091, 0.007, 0.0056, 0.0045, 0.0039, 0.0034, 0.0034)
Bot_Xtr: (0.0501, 0.0812, 0.1422, 0.2683, 0.3716, 0.4091, 0.4351, 0.4515, 0.4653, 0.4827, 0.4951, 0.5043, 0.5228, 0.5324, 0.5429, 0.5542, 0.5667, 0.5807, 0.597, 0.6156, 0.6375, 0.6633, 0.6938, 0.7316, 0.7712, 0.8276, 1.0, 1.0, 1.0, 1.0, 1.0, 1.0, 1.0, 1.0, 1.0, 1.0, 1.0, 1.0, 1.0, 1.0, 1.0, 1.0, 1.0, 1.0, 1.0, 1.0)
CL/CD: (-12.07150368033649, -6.358635863586358, 0.0, 7.61348897535668, 16.1042524005487, 24.248275862068965, 32.15659340659341, 39.7687074829932, 47.237196765498645, 54.480000000000004, 61.56992084432718, 68.6013071895425, 81.67091836734694, 87.77358490566037, 93.98009950248756, 99.4859241126071, 104.78313253012048, 110.21403091557667, 114.58041958041957, 119.34557979334099, 123.77401129943502, 127.6803551609323, 131.2962962962963, 134.41835645677696, 136.75, 139.49897750511246, 140.96482412060303, 135.4911131898971, 119.80551053484602, 105.28792134831461, 94.9812030075188, 79.17304747320061, 72.37303785780242, 65.89679567207656, 59.01220865704773, 52.75533661740558, 46.956395348837205, 41.63071391884951, 36.885506587914584, 32.672170761176, 28.99319240415622, 25.798655569782333, 22.999425947187138, 20.814863102998697, 18.686725663716814, 18.686725663716814)

***** Re = 3000000, Mach = 0.0, nCrit = 9 *****
alpha: (-6.139, -5.639, -5.139, -4.639, -4.139, -3.639, -3.139, -2.639, -2.139, -1.639, -1.139, -0.639, -0.139, 0.361, 0.861, 1.361, 1.861, 2.361, 2.861, 3.361, 3.861, 4.361, 4.861, 5.361, 5.861, 6.361, 6.861, 7.361, 7.861, 8.361, 8.861, 9.861, 10.361, 10.861, 11.361, 11.861, 12.361, 12.861, 13.361, 13.861, 14.361, 14.861, 15.361, 15.861, 16.361, 16.861, 17.361, 17.861, 17.861)
CL: (-0.1178, -0.0591, 0.0, 0.0593, 0.119, 0.1793, 0.2392, 0.2988, 0.3581, 0.4173, 0.4762, 0.5353, 0.5942, 0.6527, 0.7115, 0.7698, 0.828, 0.8862, 0.9438, 1.001, 1.0579, 1.1144, 1.1703, 1.2256, 1.2798, 1.33, 1.3742, 1.4127, 1.4496, 1.4882, 1.5251, 1.5813, 1.6087, 1.6355, 1.6591, 1.6802, 1.6989, 1.7143, 1.7268, 1.7367, 1.7436, 1.75, 1.7509, 1.7511, 1.7507, 1.7478, 1.7436, 1.7366, 1.7366)
CD: (0.00793, 0.00767, 0.00739, 0.00707, 0.00668, 0.00613, 0.00588, 0.0058, 0.00579, 0.00582, 0.00587, 0.0059, 0.00596, 0.00604, 0.00609, 0.00618, 0.00627, 0.00634, 0.00646, 0.0066, 0.00675, 0.00691, 0.0071, 0.00733, 0.00761, 0.00817, 0.00911, 0.01037, 0.01161, 0.01262, 0.01358, 0.01516, 0.0163, 0.01754, 0.019, 0.02075, 0.02285, 0.02545, 0.02861, 0.0323, 0.03657, 0.04111, 0.04636, 0.05186, 0.05759, 0.06377, 0.07023, 0.07721, 0.07721)
CDp: (0.00251, 0.00223, 0.00198, 0.00174, 0.00152, 0.00128, 0.00118, 0.00114, 0.00114, 0.00114, 0.00117, 0.00121, 0.00125, 0.00131, 0.00137, 0.00145, 0.00154, 0.00164, 0.00176, 0.0019, 0.00205, 0.00222, 0.00241, 0.00265, 0.00292, 0.00334, 0.00402, 0.00494, 0.00592, 0.00679, 0.00771, 0.00949, 0.0106, 0.01183, 0.0133, 0.01508, 0.01722, 0.01988, 0.0231, 0.02689, 0.03125, 0.0359, 0.04127, 0.04689, 0.05274, 0.05905, 0.06563, 0.07274, 0.07274)
CM: (-0.1283, -0.1292, -0.1302, -0.1313, -0.1326, -0.1341, -0.1354, -0.1363, -0.1372, -0.138, -0.1388, -0.1395, -0.1403, -0.141, -0.1418, -0.1424, -0.1431, -0.1438, -0.1443, -0.1449, -0.1453, -0.1457, -0.146, -0.1462, -0.1463, -0.1456, -0.1439, -0.1411, -0.1381, -0.1354, -0.1324, -0.1227, -0.1182, -0.1139, -0.1094, -0.105, -0.1009, -0.0971, -0.0938, -0.091, -0.0887, -0.0868, -0.0851, -0.0838, -0.0828, -0.0822, -0.0818, -0.0817, -0.0817)
Top_Xtr: (0.6391, 0.6216, 0.6057, 0.5906, 0.5767, 0.564, 0.5524, 0.5413, 0.5314, 0.5217, 0.5124, 0.504, 0.4965, 0.4884, 0.4816, 0.4746, 0.4675, 0.4607, 0.4508, 0.4399, 0.4262, 0.4133, 0.3987, 0.383, 0.3621, 0.3215, 0.2567, 0.1825, 0.1207, 0.0837, 0.057, 0.0316, 0.0231, 0.0175, 0.013, 0.0094, 0.0069, 0.0049, 0.0033, 0.0023, 0.0016, 0.0014, 0.0012, 0.001, 0.001, 0.0009, 0.0009, 0.0008, 0.0008)
Bot_Xtr: (0.0265, 0.0391, 0.0599, 0.0992, 0.164, 0.2776, 0.3488, 0.3872, 0.4103, 0.4252, 0.4405, 0.4555, 0.4665, 0.4746, 0.4829, 0.4908, 0.4997, 0.5094, 0.5196, 0.5306, 0.5431, 0.5574, 0.5734, 0.5915, 0.6121, 0.6361, 0.6622, 0.6932, 0.7332, 0.7697, 0.8136, 1.0, 1.0, 1.0, 1.0, 1.0, 1.0, 1.0, 1.0, 1.0, 1.0, 1.0, 1.0, 1.0, 1.0, 1.0, 1.0, 1.0, 1.0)
CL/CD: (-14.854981084489282, -7.705345501955672, 0.0, 8.387553041018387, 17.81437125748503, 29.24959216965742, 40.68027210884354, 51.51724137931035, 61.84801381692573, 71.70103092783506, 81.1243611584327, 90.72881355932203, 99.6979865771812, 108.06291390728475, 116.83087027914614, 124.56310679611651, 132.05741626794256, 139.77917981072554, 146.09907120743034, 151.66666666666666, 156.72592592592594, 161.27351664254704, 164.83098591549293, 167.20327421555254, 168.17345597897506, 162.79069767441862, 150.84522502744238, 136.2295081967213, 124.8578811369509, 117.92393026941363, 112.30486008836523, 104.30738786279683, 98.69325153374234, 93.24401368301027, 87.32105263157895, 80.97349397590361, 74.35010940919038, 67.35952848722985, 60.35651869975533, 53.767801857585134, 47.678424938474166, 42.56871807346145, 37.767471958584984, 33.76590821442345, 30.399374891474213, 27.407872040144273, 24.82699700982486, 22.491905193627765, 22.491905193627765)

***** Re = 5000000, Mach = 0.0, nCrit = 9 *****
alpha: (-6.17, -5.67, -5.17, -4.67, -4.17, -3.67, -3.17, -2.67, -2.17, -1.67, -1.17, -0.67, -0.17, 0.33, 1.33, 1.83, 2.33, 2.83, 3.33, 3.83, 4.33, 4.83, 5.33, 5.83, 6.83, 7.33, 7.83, 8.33, 8.83, 9.33, 9.83, 15.33, 15.83, 16.33, 16.83, 17.33, 17.83, 18.33, 18.83, 19.33, 19.33)
CL: (-0.1186, -0.0594, -0.0, 0.0596, 0.1194, 0.1796, 0.2401, 0.3004, 0.3603, 0.4198, 0.4792, 0.5386, 0.5976, 0.6569, 0.7745, 0.833, 0.8909, 0.9487, 1.006, 1.0628, 1.119, 1.1751, 1.2294, 1.2794, 1.3694, 1.4109, 1.4535, 1.4959, 1.5378, 1.5774, 1.61, 1.8137, 1.8195, 1.8218, 1.8209, 1.8182, 1.8128, 1.8057, 1.798, 1.7859, 1.7859)
CD: (0.00741, 0.00716, 0.00693, 0.00668, 0.0064, 0.00607, 0.00566, 0.00545, 0.00535, 0.00535, 0.00537, 0.00538, 0.00543, 0.00547, 0.0056, 0.00568, 0.0058, 0.00592, 0.00606, 0.00623, 0.00644, 0.00664, 0.00695, 0.00756, 0.00939, 0.01043, 0.01132, 0.01212, 0.01286, 0.01362, 0.01439, 0.03956, 0.04422, 0.04936, 0.05503, 0.06104, 0.06751, 0.07436, 0.08136, 0.0891, 0.0891)
CDp: (0.00225, 0.00199, 0.00178, 0.00158, 0.00141, 0.00124, 0.00108, 0.00101, 0.00098, 0.00099, 0.001, 0.00103, 0.00108, 0.00112, 0.00125, 0.00133, 0.00142, 0.00153, 0.00166, 0.0018, 0.00198, 0.00216, 0.00241, 0.00283, 0.00412, 0.0049, 0.00562, 0.00635, 0.00707, 0.00784, 0.00865, 0.03466, 0.03941, 0.04465, 0.05043, 0.05656, 0.06314, 0.0701, 0.07722, 0.08508, 0.08508)
CM: (-0.1291, -0.1301, -0.1311, -0.1322, -0.1334, -0.1347, -0.1361, -0.1374, -0.1384, -0.1393, -0.1402, -0.1411, -0.1419, -0.1427, -0.1442, -0.145, -0.1456, -0.1462, -0.1467, -0.1472, -0.1476, -0.1479, -0.1479, -0.1472, -0.1439, -0.1417, -0.1396, -0.1376, -0.1355, -0.1329, -0.129, -0.0879, -0.0862, -0.0848, -0.0837, -0.0829, -0.0823, -0.0821, -0.0822, -0.0826, -0.0826)
Top_Xtr: (0.6009, 0.5858, 0.5724, 0.5598, 0.5482, 0.5367, 0.5263, 0.5174, 0.5086, 0.4997, 0.4918, 0.485, 0.4767, 0.471, 0.4575, 0.45, 0.439, 0.4278, 0.4134, 0.399, 0.3829, 0.3674, 0.3428, 0.2944, 0.1711, 0.1134, 0.0766, 0.0528, 0.0374, 0.0265, 0.019, 0.0006, 0.0006, 0.0005, 0.0005, 0.0005, 0.0005, 0.0004, 0.0004, 0.0004, 0.0004)
Bot_Xtr: (0.0179, 0.029, 0.0422, 0.0683, 0.1098, 0.1748, 0.2718, 0.334, 0.3776, 0.3986, 0.4135, 0.4319, 0.4458, 0.457, 0.4724, 0.48, 0.4878, 0.4972, 0.5068, 0.5169, 0.5281, 0.5411, 0.5559, 0.5721, 0.61, 0.6333, 0.6594, 0.691, 0.7328, 0.7684, 0.8042, 1.0, 1.0, 1.0, 1.0, 1.0, 1.0, 1.0, 1.0, 1.0, 1.0)
CL/CD: (-16.005398110661268, -8.296089385474861, -0.0, 8.922155688622754, 18.65625, 29.588138385502475, 42.420494699646646, 55.11926605504587, 67.34579439252337, 78.46728971962618, 89.23649906890131, 100.11152416356876, 110.05524861878453, 120.09140767824498, 138.30357142857142, 146.65492957746477, 153.6034482758621, 160.2533783783784, 166.006600660066, 170.5939004815409, 173.75776397515526, 176.97289156626508, 176.89208633093526, 169.23280423280426, 145.8359957401491, 135.2732502396932, 128.40106007067138, 123.42409240924091, 119.5800933125972, 115.81497797356828, 111.88325225851287, 45.84681496461072, 41.146540027137036, 36.90842787682334, 33.08922405960385, 29.787024901703802, 26.852318175085173, 24.283216783216787, 22.099311701081614, 20.043771043771045, 20.043771043771045)

***** Re = 7000000, Mach = 0.0, nCrit = 9 *****
alpha: (-6.188, -5.688, -5.188, -4.688, -4.188, -3.688, -3.188, -2.688, -2.188, -1.688, -1.188, -0.688, -0.188, 0.312, 0.812, 1.312, 1.812, 2.312, 2.812, 3.312, 3.812, 4.312, 4.812, 5.312, 5.812, 6.312, 6.812, 7.312, 7.812, 8.312, 8.812, 9.312, 9.812, 10.312, 11.312, 11.812, 12.312, 12.812, 13.312, 13.812, 14.312, 14.812, 15.312, 15.812, 16.312, 16.812, 17.312, 17.812, 18.312, 18.812, 18.812)
CL: (-0.119, -0.0596, -0.0, 0.0597, 0.1197, 0.1799, 0.2403, 0.3008, 0.3612, 0.4211, 0.4806, 0.5403, 0.5995, 0.659, 0.7179, 0.7768, 0.8352, 0.8934, 0.9509, 1.0079, 1.0649, 1.1209, 1.176, 1.2287, 1.2749, 1.3228, 1.368, 1.4128, 1.458, 1.5025, 1.546, 1.5874, 1.6262, 1.6554, 1.7109, 1.7363, 1.7589, 1.7795, 1.799, 1.8159, 1.8325, 1.8458, 1.8557, 1.8626, 1.8648, 1.8601, 1.8589, 1.8562, 1.8507, 1.8441, 1.8441)
CD: (0.00711, 0.00687, 0.00665, 0.00645, 0.00619, 0.00593, 0.00563, 0.00535, 0.00516, 0.0051, 0.00511, 0.00511, 0.00515, 0.00517, 0.00524, 0.0053, 0.0054, 0.00551, 0.00565, 0.00583, 0.00599, 0.00623, 0.00651, 0.00695, 0.00786, 0.00859, 0.00945, 0.01028, 0.01101, 0.0117, 0.01238, 0.01309, 0.01379, 0.01457, 0.01627, 0.01752, 0.01902, 0.02079, 0.02284, 0.02532, 0.02811, 0.03141, 0.03528, 0.03963, 0.04462, 0.0505, 0.05619, 0.0622, 0.06867, 0.07542, 0.07542)
CDp: (0.00212, 0.00188, 0.00168, 0.00151, 0.00134, 0.0012, 0.00107, 0.00097, 0.00092, 0.00091, 0.00093, 0.00095, 0.00099, 0.00103, 0.00109, 0.00115, 0.00123, 0.00132, 0.00143, 0.00156, 0.0017, 0.00189, 0.0021, 0.00242, 0.00299, 0.00351, 0.00414, 0.00478, 0.0054, 0.00603, 0.00669, 0.00741, 0.00815, 0.00896, 0.01105, 0.01231, 0.01384, 0.01566, 0.01776, 0.02031, 0.02316, 0.02653, 0.03049, 0.03492, 0.04, 0.04602, 0.0518, 0.05792, 0.06449, 0.07134, 0.07134)
CM: (-0.1296, -0.1307, -0.1317, -0.1327, -0.1339, -0.1351, -0.1365, -0.1378, -0.139, -0.1401, -0.141, -0.1419, -0.1428, -0.1436, -0.1444, -0.1452, -0.1459, -0.1466, -0.1472, -0.1477, -0.1481, -0.1485, -0.1486, -0.1484, -0.1469, -0.1458, -0.1442, -0.1425, -0.1409, -0.1392, -0.1374, -0.1351, -0.1324, -0.1278, -0.1187, -0.1142, -0.1097, -0.1053, -0.1015, -0.0979, -0.095, -0.0924, -0.0901, -0.0881, -0.0864, -0.0848, -0.0837, -0.0829, -0.0824, -0.0822, -0.0822)
Top_Xtr: (0.5779, 0.5643, 0.552, 0.5411, 0.5305, 0.5209, 0.5113, 0.5016, 0.4945, 0.4869, 0.4791, 0.473, 0.4649, 0.4599, 0.4522, 0.4456, 0.4347, 0.424, 0.409, 0.3926, 0.3785, 0.3591, 0.336, 0.2997, 0.2274, 0.1782, 0.1251, 0.0843, 0.0578, 0.04, 0.0278, 0.0191, 0.0138, 0.0094, 0.0043, 0.0028, 0.0017, 0.001, 0.0008, 0.0006, 0.0006, 0.0005, 0.0005, 0.0004, 0.0004, 0.0003, 0.0003, 0.0003, 0.0003, 0.0003, 0.0003)
Bot_Xtr: (0.0137, 0.0225, 0.0351, 0.0527, 0.087, 0.1355, 0.2049, 0.2829, 0.3432, 0.3764, 0.3958, 0.4124, 0.4301, 0.4434, 0.4526, 0.4611, 0.4684, 0.4753, 0.4842, 0.4924, 0.5008, 0.5118, 0.5231, 0.5354, 0.5488, 0.5636, 0.5814, 0.6002, 0.6232, 0.6483, 0.6775, 0.7158, 0.7572, 0.7841, 1.0, 1.0, 1.0, 1.0, 1.0, 1.0, 1.0, 1.0, 1.0, 1.0, 1.0, 1.0, 1.0, 1.0, 1.0, 1.0, 1.0)
CL/CD: (-16.736990154711673, -8.675400291120814, -0.0, 9.255813953488373, 19.33764135702746, 30.337268128161888, 42.68206039076377, 56.22429906542057, 70.00000000000001, 82.56862745098039, 94.0508806262231, 105.73385518590999, 116.40776699029126, 127.4661508704062, 137.00381679389312, 146.56603773584905, 154.66666666666666, 162.14156079854808, 168.30088495575222, 172.88164665523155, 177.779632721202, 179.91974317817014, 180.64516129032256, 176.79136690647482, 162.20101781170482, 153.99301513387658, 144.76190476190476, 137.43190661478602, 132.425068119891, 128.4188034188034, 124.87883683360259, 121.2681436210848, 117.92603335750545, 113.61702127659575, 105.15673017824217, 99.10388127853881, 92.47634069400631, 85.5940355940356, 78.76532399299475, 71.718009478673, 65.1903237282106, 58.76472460999682, 52.59920634920635, 46.999747665909666, 41.79291797400269, 36.83366336633663, 33.08239900338138, 29.84244372990354, 26.950633464394933, 24.451073985680193, 24.451073985680193)

***** Re = 10000000, Mach = 0.0, nCrit = 9 *****
alpha: (-6.206, -5.706, -5.206, -4.706, -4.206, -3.206, -2.706, -2.206, -1.706, -1.206, -0.706, -0.206, 0.294, 0.794, 1.294, 1.794, 2.294, 2.794, 3.294, 3.794, 4.294, 4.794, 6.294, 6.794, 7.294, 7.794, 8.294, 8.794, 9.294, 9.794, 10.294, 10.794, 11.294, 12.294, 12.794, 13.294, 13.794, 14.294, 14.794, 15.294, 15.794, 16.294, 16.794, 17.294, 17.794, 18.294, 18.794, 19.294, 19.794, 20.294, 20.294)
CL: (-0.1195, -0.0598, -0.0, 0.0599, 0.1199, 0.2406, 0.301, 0.3616, 0.422, 0.4818, 0.5416, 0.6011, 0.6607, 0.7197, 0.7784, 0.8368, 0.8949, 0.9522, 1.0094, 1.0658, 1.1219, 1.1745, 1.3223, 1.3685, 1.4165, 1.4628, 1.509, 1.5539, 1.5979, 1.6387, 1.6747, 1.7026, 1.7321, 1.7833, 1.807, 1.8298, 1.8494, 1.8666, 1.8795, 1.8924, 1.9032, 1.9104, 1.9152, 1.9162, 1.9147, 1.9107, 1.9051, 1.8974, 1.8874, 1.8757, 1.8757)
CD: (0.0068, 0.00659, 0.00637, 0.00619, 0.00597, 0.00551, 0.00529, 0.00506, 0.00491, 0.00489, 0.00488, 0.0049, 0.00492, 0.00497, 0.00506, 0.00516, 0.00529, 0.00546, 0.00564, 0.00585, 0.00608, 0.00657, 0.00859, 0.00939, 0.01, 0.01067, 0.01128, 0.01191, 0.01251, 0.0132, 0.01391, 0.0147, 0.01562, 0.01769, 0.01913, 0.02079, 0.02284, 0.02529, 0.02837, 0.03169, 0.03548, 0.03977, 0.04444, 0.04966, 0.05531, 0.0614, 0.06778, 0.07457, 0.0817, 0.08923, 0.08923)
CDp: (0.00199, 0.00178, 0.00158, 0.00143, 0.00128, 0.00105, 0.00096, 0.00089, 0.00086, 0.00087, 0.00089, 0.00092, 0.00096, 0.00102, 0.00108, 0.00116, 0.00125, 0.00137, 0.0015, 0.00166, 0.00184, 0.00215, 0.00352, 0.0041, 0.00461, 0.00517, 0.00574, 0.00634, 0.00696, 0.00766, 0.00843, 0.00927, 0.01025, 0.01271, 0.01419, 0.01589, 0.01798, 0.02049, 0.02364, 0.02703, 0.03088, 0.03525, 0.04, 0.04531, 0.05105, 0.05724, 0.06372, 0.0706, 0.07784, 0.08548, 0.08548)
CM: (-0.1302, -0.1312, -0.1323, -0.1333, -0.1345, -0.1369, -0.1382, -0.1395, -0.1407, -0.1417, -0.1426, -0.1436, -0.1445, -0.1453, -0.1461, -0.1468, -0.1474, -0.148, -0.1485, -0.1489, -0.1492, -0.1489, -0.1462, -0.1448, -0.1437, -0.1422, -0.1408, -0.1392, -0.1374, -0.1351, -0.1318, -0.127, -0.1228, -0.1137, -0.1094, -0.1055, -0.1017, -0.0982, -0.095, -0.0924, -0.0903, -0.0883, -0.0867, -0.0852, -0.0841, -0.0832, -0.0827, -0.0824, -0.0825, -0.0829, -0.0829)
Top_Xtr: (0.5553, 0.5439, 0.5331, 0.5227, 0.5125, 0.496, 0.4876, 0.4804, 0.474, 0.466, 0.461, 0.4528, 0.4481, 0.4395, 0.4279, 0.4164, 0.403, 0.3856, 0.3692, 0.3496, 0.3291, 0.2866, 0.1354, 0.0899, 0.0639, 0.0418, 0.0286, 0.0198, 0.0141, 0.0091, 0.0058, 0.0038, 0.0023, 0.0009, 0.0006, 0.0005, 0.0005, 0.0004, 0.0003, 0.0003, 0.0003, 0.0003, 0.0002, 0.0002, 0.0002, 0.0002, 0.0002, 0.0002, 0.0002, 0.0002, 0.0002)
Bot_Xtr: (0.0105, 0.0168, 0.0283, 0.0417, 0.0695, 0.1596, 0.2205, 0.2921, 0.3466, 0.3713, 0.3892, 0.4113, 0.4258, 0.4386, 0.449, 0.4565, 0.4629, 0.4713, 0.4778, 0.4868, 0.4961, 0.5053, 0.5396, 0.5549, 0.5717, 0.5884, 0.6107, 0.6342, 0.6614, 0.6933, 0.737, 0.7681, 0.797, 1.0, 1.0, 1.0, 1.0, 1.0, 1.0, 1.0, 1.0, 1.0, 1.0, 1.0, 1.0, 1.0, 1.0, 1.0, 1.0, 1.0, 1.0)
CL/CD: (-17.573529411764707, -9.074355083459787, -0.0, 9.676898222940226, 20.083752093802346, 43.66606170598911, 56.899810964083166, 71.46245059288536, 85.94704684317718, 98.52760736196319, 110.98360655737704, 122.6734693877551, 134.28861788617886, 144.80885311871228, 153.83399209486166, 162.17054263565893, 169.16824196597352, 174.3956043956044, 178.97163120567376, 182.1880341880342, 184.52302631578945, 178.76712328767124, 153.9348079161816, 145.74014909478169, 141.65, 137.0946579194002, 133.77659574468083, 130.4701931150294, 127.72981614708235, 124.1439393939394, 120.39539899352984, 115.82312925170068, 110.8898847631242, 100.80836630864896, 94.45896497647674, 88.01346801346801, 80.97197898423818, 73.80782918149467, 66.24955939372576, 59.71599873777217, 53.641488162344984, 48.03620819713352, 43.0963096309631, 38.58638743455497, 34.61760983547279, 31.118892508143322, 28.10711124225435, 25.444548746144562, 23.101591187270504, 21.02095707721618, 21.02095707721618)

***** Re = 100000, Mach = 0.0, nCrit = 9 *****
alpha: (-5.238, -4.738, -4.238, -3.738, -3.238, -2.738, -2.238, -1.738, -1.238, -0.738, -0.238, 0.262, 0.762, 1.262, 1.762, 2.262, 2.762, 3.262, 3.762, 4.262, 4.762, 5.262, 5.762, 6.762, 7.262, 7.762, 8.262, 8.762, 9.262, 9.762, 10.262, 10.762, 11.262, 11.762, 12.262, 12.762, 13.262, 13.262)
CL: (-0.1593, -0.078, 0.0001, 0.0677, 0.135, 0.1938, 0.2594, 0.3131, 0.3739, 0.4291, 0.483, 0.5379, 0.5932, 0.6445, 0.6945, 0.7418, 0.7861, 0.8225, 0.8733, 0.9433, 1.0058, 1.059, 1.1061, 1.1906, 1.233, 1.3071, 1.352, 1.4151, 1.464, 1.4981, 1.5171, 1.5134, 1.4911, 1.4572, 1.4241, 1.4007, 1.3878, 1.3878)
CD: (0.02029, 0.02121, 0.02175, 0.02192, 0.02195, 0.02187, 0.02148, 0.02141, 0.02123, 0.0213, 0.02144, 0.02163, 0.02192, 0.02228, 0.02274, 0.02329, 0.02396, 0.02462, 0.02522, 0.02651, 0.02759, 0.0289, 0.0304, 0.03342, 0.03443, 0.03283, 0.03292, 0.0316, 0.03069, 0.03006, 0.02976, 0.03046, 0.03342, 0.03912, 0.04642, 0.05361, 0.06006, 0.06006)
CDp: (0.01384, 0.01464, 0.01501, 0.01497, 0.01485, 0.01455, 0.01385, 0.01361, 0.01319, 0.01311, 0.01316, 0.01329, 0.01352, 0.0139, 0.01443, 0.01509, 0.01591, 0.01678, 0.0176, 0.01888, 0.01996, 0.02135, 0.02299, 0.0264, 0.02763, 0.0261, 0.02643, 0.02525, 0.02454, 0.02417, 0.02409, 0.0249, 0.02782, 0.03312, 0.04002, 0.04693, 0.05312, 0.05312)
CM: (-0.1103, -0.1134, -0.1153, -0.1159, -0.1161, -0.116, -0.1178, -0.1177, -0.119, -0.1197, -0.1198, -0.1201, -0.1208, -0.1205, -0.1201, -0.1191, -0.1175, -0.1142, -0.1145, -0.1199, -0.1226, -0.1233, -0.1229, -0.1202, -0.1183, -0.1194, -0.1171, -0.1167, -0.1143, -0.1097, -0.1028, -0.093, -0.0833, -0.0757, -0.0708, -0.0674, -0.0648, -0.0648)
Top_Xtr: (0.9121, 0.8957, 0.8812, 0.8622, 0.8451, 0.8246, 0.8073, 0.7874, 0.7713, 0.7545, 0.7392, 0.7253, 0.7122, 0.6996, 0.6875, 0.6758, 0.6645, 0.6537, 0.6429, 0.6321, 0.6221, 0.6112, 0.5992, 0.5716, 0.5553, 0.539, 0.5192, 0.499, 0.4747, 0.4456, 0.411, 0.3694, 0.3124, 0.2512, 0.2046, 0.1688, 0.1403, 0.1403)
Bot_Xtr: (0.345, 0.4885, 0.5397, 0.5757, 0.6063, 0.6315, 0.6525, 0.6686, 0.6851, 0.7011, 0.7163, 0.7329, 0.7512, 0.7702, 0.7917, 0.8166, 0.8476, 0.8909, 1.0, 1.0, 1.0, 1.0, 1.0, 1.0, 1.0, 1.0, 1.0, 1.0, 1.0, 1.0, 1.0, 1.0, 1.0, 1.0, 1.0, 1.0, 1.0, 1.0)
CL/CD: (-7.851158206012815, -3.6775106082036775, 0.004597701149425288, 3.0885036496350367, 6.150341685649203, 8.861454046639231, 12.076350093109872, 14.624007473143392, 17.611869995289688, 20.145539906103284, 22.527985074626866, 24.868238557558946, 27.062043795620436, 28.927289048473963, 30.54089709762533, 31.85057964791756, 32.80884808013356, 33.40779853777417, 34.62727993655829, 35.5827989437948, 36.45523740485683, 36.64359861591696, 36.38486842105264, 35.62537402752843, 35.81179204182399, 39.8141943344502, 41.06925880923451, 44.78164556962025, 47.70283479960899, 49.83699268130406, 50.97782258064515, 49.68483256730138, 44.61699581089169, 37.24948875255624, 30.678586816027572, 26.127588136541693, 23.106893106893104, 23.106893106893104)

***** Re = 400000, Mach = 0.0, nCrit = 9 *****
alpha: (-6.046, -5.546, -5.046, -4.546, -4.046, -3.546, -3.046, -2.546, -2.046, -1.546, -1.046, -0.546, -0.046, 0.454, 0.954, 1.454, 1.954, 2.454, 2.954, 3.454, 3.954, 4.454, 4.954, 5.454, 5.954, 6.454, 6.954, 7.454, 7.954, 8.454, 8.954, 9.454, 9.954, 10.454, 10.954, 11.454, 11.954, 12.454, 12.954, 12.954)
CL: (-0.1144, -0.0566, -0.0, 0.057, 0.1141, 0.1713, 0.2286, 0.2858, 0.3431, 0.4004, 0.4577, 0.515, 0.5723, 0.6296, 0.6867, 0.7438, 0.8009, 0.8576, 0.914, 0.9705, 1.0264, 1.0812, 1.1351, 1.1854, 1.2221, 1.2751, 1.3264, 1.3756, 1.4223, 1.4653, 1.5021, 1.5189, 1.5177, 1.5166, 1.5166, 1.5178, 1.5181, 1.5162, 1.5141, 1.5141)
CD: (0.01142, 0.01053, 0.0094, 0.00937, 0.00952, 0.00969, 0.00985, 0.00996, 0.01012, 0.01022, 0.01029, 0.01038, 0.01047, 0.01058, 0.01072, 0.01087, 0.01105, 0.01122, 0.01139, 0.01161, 0.01182, 0.01202, 0.01221, 0.01227, 0.01207, 0.01238, 0.0127, 0.01307, 0.01342, 0.01393, 0.0147, 0.0162, 0.0189, 0.02193, 0.02532, 0.0292, 0.03373, 0.03894, 0.0445, 0.0445)
CDp: (0.00512, 0.00429, 0.00364, 0.00354, 0.00349, 0.00348, 0.00343, 0.00344, 0.00346, 0.00343, 0.00342, 0.00344, 0.0035, 0.00359, 0.00372, 0.00389, 0.00408, 0.0043, 0.00459, 0.00489, 0.00522, 0.00562, 0.00598, 0.0063, 0.00643, 0.00678, 0.00718, 0.00761, 0.00809, 0.00865, 0.0094, 0.01064, 0.01291, 0.01567, 0.01891, 0.02275, 0.02728, 0.03252, 0.03816, 0.03816)
CM: (-0.1266, -0.1279, -0.1295, -0.1299, -0.1301, -0.1304, -0.1307, -0.131, -0.1314, -0.1318, -0.1322, -0.1326, -0.1331, -0.1336, -0.134, -0.1345, -0.135, -0.1354, -0.1358, -0.1362, -0.1365, -0.1366, -0.1364, -0.1354, -0.1311, -0.1309, -0.1304, -0.1295, -0.1281, -0.126, -0.1229, -0.1164, -0.1076, -0.1, -0.0938, -0.0891, -0.0856, -0.083, -0.081, -0.081)
Top_Xtr: (0.8456, 0.8055, 0.7732, 0.7465, 0.7233, 0.7028, 0.6847, 0.6674, 0.6516, 0.6372, 0.624, 0.6116, 0.6, 0.5891, 0.5788, 0.5694, 0.5605, 0.5516, 0.5429, 0.5349, 0.5267, 0.5181, 0.5084, 0.4969, 0.4834, 0.4703, 0.4566, 0.4412, 0.4205, 0.3946, 0.3562, 0.2897, 0.2126, 0.1574, 0.1198, 0.0939, 0.0744, 0.0592, 0.0479, 0.0479)
Bot_Xtr: (0.0866, 0.1595, 0.3355, 0.4123, 0.4459, 0.4716, 0.4899, 0.5072, 0.5263, 0.5387, 0.549, 0.5593, 0.57, 0.5813, 0.5933, 0.6062, 0.6205, 0.6368, 0.6546, 0.6761, 0.7011, 0.7308, 0.768, 0.8182, 1.0, 1.0, 1.0, 1.0, 1.0, 1.0, 1.0, 1.0, 1.0, 1.0, 1.0, 1.0, 1.0, 1.0, 1.0, 1.0)
CL/CD: (-10.01751313485114, -5.3751187084520415, -0.0, 6.08324439701174, 11.985294117647058, 17.678018575851393, 23.20812182741117, 28.694779116465863, 33.90316205533597, 39.17808219178082, 44.480077745383866, 49.614643545279385, 54.66093600764088, 59.50850661625709, 64.05783582089552, 68.42686292548298, 72.47963800904976, 76.4349376114082, 80.24582967515364, 83.59173126614986, 86.83587140439931, 89.95008319467554, 92.96478296478296, 96.60961695191524, 101.2510356255178, 102.9967689822294, 104.44094488188976, 105.24866105585309, 105.98360655737704, 105.19023689877962, 102.18367346938776, 93.75925925925925, 80.3015873015873, 69.15640674874601, 59.897314375987364, 51.97945205479452, 45.007411799584936, 38.93682588597843, 34.024719101123594, 34.024719101123594)

***** Re = 700000, Mach = 0.0, nCrit = 9 *****
alpha: (-6.054, -5.554, -5.054, -4.554, -4.054, -3.554, -3.054, -2.554, -2.054, -1.554, -1.054, -0.054, 0.446, 0.946, 1.446, 1.946, 2.446, 2.946, 3.446, 3.946, 4.446, 5.446, 5.946, 6.446, 6.946, 7.446, 7.946, 8.446, 8.946, 9.946, 10.446, 10.946, 11.446, 11.946, 12.446, 12.946, 13.446, 13.946, 14.446, 14.946, 15.446, 15.946, 16.446, 16.446)
CL: (-0.1129, -0.057, 0.0, 0.0579, 0.116, 0.1738, 0.2318, 0.2896, 0.3473, 0.405, 0.4628, 0.5781, 0.6357, 0.6931, 0.7501, 0.8073, 0.8642, 0.9207, 0.9772, 1.0333, 1.0885, 1.1966, 1.2498, 1.2998, 1.3408, 1.3914, 1.4391, 1.48, 1.5013, 1.5234, 1.5353, 1.5465, 1.5572, 1.5654, 1.5738, 1.5789, 1.5808, 1.5801, 1.5773, 1.5719, 1.5642, 1.5542, 1.5438, 1.5438)
CD: (0.01013, 0.00959, 0.00888, 0.00806, 0.00795, 0.008, 0.00806, 0.00815, 0.00827, 0.00837, 0.00847, 0.00862, 0.00871, 0.00883, 0.00898, 0.00909, 0.00922, 0.0094, 0.00953, 0.0097, 0.00987, 0.01017, 0.01034, 0.01039, 0.01043, 0.01083, 0.01137, 0.01226, 0.01414, 0.01837, 0.02061, 0.02313, 0.02603, 0.02954, 0.03345, 0.038, 0.04311, 0.04868, 0.05469, 0.06118, 0.06817, 0.07568, 0.08343, 0.08343)
CDp: (0.00394, 0.00344, 0.00292, 0.00251, 0.00241, 0.00234, 0.0023, 0.00227, 0.00227, 0.0023, 0.00232, 0.00241, 0.00249, 0.0026, 0.00273, 0.00288, 0.00307, 0.00329, 0.00351, 0.00378, 0.00406, 0.00463, 0.00495, 0.00532, 0.00557, 0.00598, 0.00648, 0.00721, 0.00862, 0.01222, 0.01431, 0.01676, 0.01965, 0.02317, 0.02716, 0.03181, 0.03702, 0.0427, 0.04883, 0.05546, 0.06259, 0.07024, 0.07815, 0.07815)
CM: (-0.1267, -0.1273, -0.1285, -0.1299, -0.1306, -0.1311, -0.1316, -0.1321, -0.1325, -0.133, -0.1335, -0.1346, -0.1351, -0.1356, -0.136, -0.1365, -0.137, -0.1373, -0.1377, -0.138, -0.1382, -0.138, -0.1377, -0.1367, -0.1336, -0.133, -0.1319, -0.1296, -0.124, -0.1099, -0.1039, -0.0986, -0.0941, -0.0904, -0.0876, -0.0853, -0.0834, -0.0819, -0.0807, -0.0798, -0.0794, -0.0792, -0.0795, -0.0795)
Top_Xtr: (0.7687, 0.7395, 0.7159, 0.6954, 0.676, 0.6581, 0.641, 0.6253, 0.6111, 0.5979, 0.5859, 0.5639, 0.5539, 0.5449, 0.5362, 0.5278, 0.5196, 0.512, 0.5041, 0.4963, 0.4868, 0.4617, 0.4495, 0.4367, 0.4221, 0.4011, 0.3729, 0.3255, 0.2403, 0.126, 0.0934, 0.0701, 0.0536, 0.0419, 0.0335, 0.027, 0.0218, 0.0177, 0.0142, 0.0114, 0.0092, 0.0075, 0.0062, 0.0062)
Bot_Xtr: (0.0625, 0.1073, 0.1953, 0.3471, 0.4048, 0.4333, 0.4553, 0.4707, 0.4874, 0.5032, 0.5139, 0.5328, 0.5428, 0.5535, 0.5649, 0.5772, 0.5909, 0.6063, 0.6245, 0.6452, 0.6701, 0.7375, 0.778, 0.8522, 1.0, 1.0, 1.0, 1.0, 1.0, 1.0, 1.0, 1.0, 1.0, 1.0, 1.0, 1.0, 1.0, 1.0, 1.0, 1.0, 1.0, 1.0, 1.0, 1.0)
CL/CD: (-11.145113524185588, -5.9436913451511995, 0.0, 7.183622828784119, 14.59119496855346, 21.725, 28.759305210918118, 35.53374233128835, 41.99516324062878, 48.387096774193544, 54.63990554899646, 67.06496519721578, 72.98507462686567, 78.4937712344281, 83.53006681514476, 88.8118811881188, 93.73101952277656, 97.94680851063829, 102.53934942287512, 106.5257731958763, 110.28368794326241, 117.6597836774828, 120.87040618955513, 125.10105871029837, 128.5522531160115, 128.47645429362882, 126.56992084432719, 120.71778140293638, 106.17397454031118, 82.92868807838867, 74.49296458030084, 66.86121919584954, 59.82328082981175, 52.99255247122545, 47.04932735426009, 41.55, 36.66898631408026, 32.45891536565325, 28.84073870908758, 25.69303694017653, 22.945577233387123, 20.536469344608882, 18.504135203164328, 18.504135203164328)

***** Re = 70000, Mach = 0, nCrit = 9 *****
alpha: (-4.004, -3.504, -3.004, -2.504, -2.004, -1.505, -1.005, -0.504, -0.004, 0.495, 0.996, 1.495, 3.996, 4.496, 4.996, 5.496, 5.996, 6.496, 6.996, 7.496, 7.996, 8.495, 8.995, 9.495, 9.995, 12.495, 12.995, 13.495, 13.995, 14.495, 14.495)
CL: (-0.1114, -0.0483, 0.0013, 0.0626, 0.1337, 0.1853, 0.247, 0.3046, 0.3607, 0.4143, 0.4619, 0.5045, 0.6645, 0.6904, 0.7134, 0.7367, 0.7628, 0.8038, 0.8119, 0.8471, 0.8649, 0.8983, 0.9341, 0.9704, 1.0131, 1.4029, 1.3925, 1.391, 1.3965, 1.4179, 1.4179)
CD: (0.0308, 0.03162, 0.03202, 0.03183, 0.03118, 0.03113, 0.03097, 0.03094, 0.03108, 0.03148, 0.03217, 0.03315, 0.04984, 0.05422, 0.05862, 0.06294, 0.06703, 0.07004, 0.07521, 0.07833, 0.08257, 0.08539, 0.08763, 0.08939, 0.08992, 0.0528, 0.05857, 0.06412, 0.0694, 0.07378, 0.07378)
CDp: (0.02385, 0.02446, 0.02464, 0.02422, 0.02327, 0.02301, 0.02262, 0.02244, 0.02246, 0.02278, 0.02344, 0.02443, 0.04127, 0.04562, 0.05003, 0.05439, 0.05855, 0.06166, 0.06694, 0.07022, 0.07461, 0.07762, 0.08006, 0.08207, 0.08288, 0.04638, 0.05162, 0.05689, 0.06203, 0.06614, 0.06615)
CM: (-0.0931, -0.0914, -0.0891, -0.0886, -0.0916, -0.092, -0.0946, -0.096, -0.0973, -0.0983, -0.0982, -0.0975, -0.1048, -0.1055, -0.1055, -0.1051, -0.1048, -0.1047, -0.1032, -0.1025, -0.101, -0.0996, -0.0979, -0.0958, -0.0933, -0.066, -0.062, -0.0588, -0.0561, -0.0535, -0.0535)
Top_Xtr: (0.8965, 0.8805, 0.8609, 0.8462, 0.8325, 0.8151, 0.8001, 0.7861, 0.7726, 0.7595, 0.7467, 0.734, 0.6645, 0.6525, 0.6404, 0.6278, 0.6143, 0.5997, 0.5826, 0.5641, 0.543, 0.5205, 0.4965, 0.4713, 0.4457, 0.2394, 0.1944, 0.1592, 0.1313, 0.107, 0.107)
Bot_Xtr: (0.5641, 0.6108, 0.6503, 0.6833, 0.7104, 0.7308, 0.7511, 0.77, 0.7896, 0.8107, 0.8333, 0.8597, 1.0, 1.0, 1.0, 1.0, 1.0, 1.0, 1.0, 1.0, 1.0, 1.0, 1.0, 1.0, 1.0, 1.0, 1.0, 1.0, 1.0, 1.0, 1.0)
CL/CD: (-3.6168831168831166, -1.5275142314990513, 0.0405996252342286, 1.9666980835689603, 4.288005131494549, 5.952457436556376, 7.975460122699386, 9.84486102133161, 11.605534105534106, 13.160736975857686, 14.358097606465652, 15.218702865761689, 13.33266452648475, 12.733308742161565, 12.169907881269193, 11.704798220527488, 11.379979113829627, 11.476299257567103, 10.795107033639143, 10.81450274479765, 10.474748698074361, 10.51996720927509, 10.659591464110465, 10.85580042510348, 11.26668149466192, 26.570075757575758, 23.77497012122247, 21.693699313786652, 20.122478386167145, 19.217945242613172, 19.217945242613172)
