mrc-16

***** Re = 1000000, Mach = 0.0, nCrit = 9 *****
alpha: (-4.184, -3.684, -3.184, -2.684, -2.184, -1.684, -1.184, -0.684, -0.184, 0.816, 1.316, 1.816, 2.316, 2.816, 3.316, 3.816, 4.316, 4.816, 5.316, 5.816, 6.316, 6.816, 7.316, 7.816, 8.316, 8.816, 9.316, 9.816, 10.316, 10.816, 11.316, 11.816, 12.316, 12.816, 13.316, 13.816, 14.316, 14.816, 15.316, 15.816, 16.316, 16.816, 17.316, 17.816, 17.816)
CL: (-0.1105, -0.0552, 0.0, 0.0542, 0.1074, 0.1607, 0.2145, 0.2692, 0.3243, 0.4313, 0.4838, 0.5377, 0.5984, 0.6674, 0.741, 0.8136, 0.8754, 0.9197, 0.9643, 1.0093, 1.055, 1.1009, 1.1469, 1.191, 1.2328, 1.2721, 1.3075, 1.3357, 1.3619, 1.386, 1.4085, 1.4292, 1.448, 1.4648, 1.48, 1.4925, 1.5031, 1.5113, 1.5137, 1.5146, 1.5145, 1.5051, 1.4923, 1.4821, 1.4821)
CD: (0.00896, 0.00861, 0.00821, 0.00768, 0.00702, 0.00644, 0.00601, 0.00583, 0.00576, 0.00574, 0.00585, 0.00601, 0.00621, 0.00647, 0.00673, 0.00701, 0.00728, 0.00755, 0.00786, 0.00823, 0.00865, 0.00916, 0.00972, 0.01041, 0.01122, 0.01212, 0.01313, 0.01425, 0.0156, 0.01717, 0.01895, 0.02097, 0.02326, 0.02587, 0.02877, 0.03208, 0.03573, 0.03983, 0.04477, 0.05017, 0.05596, 0.06315, 0.07111, 0.07902, 0.07902)
CDp: (0.00277, 0.00242, 0.00212, 0.00187, 0.00166, 0.00153, 0.00149, 0.0015, 0.0015, 0.00166, 0.00176, 0.00187, 0.002, 0.00216, 0.00233, 0.00251, 0.00271, 0.0029, 0.00314, 0.00342, 0.00376, 0.00416, 0.00462, 0.00517, 0.00582, 0.00656, 0.00742, 0.0084, 0.00961, 0.01107, 0.01276, 0.01474, 0.01703, 0.01966, 0.02263, 0.02602, 0.02979, 0.03403, 0.03911, 0.04468, 0.05064, 0.05799, 0.06615, 0.07426, 0.07426)
CM: (-0.0674, -0.0674, -0.0675, -0.0675, -0.0675, -0.0674, -0.0672, -0.067, -0.0669, -0.0656, -0.0647, -0.0641, -0.0652, -0.0684, -0.0727, -0.0769, -0.0787, -0.0767, -0.0747, -0.0729, -0.0713, -0.0698, -0.0684, -0.0668, -0.0648, -0.0625, -0.0595, -0.0553, -0.0512, -0.0471, -0.0433, -0.0397, -0.0363, -0.0333, -0.0306, -0.0282, -0.0261, -0.0245, -0.0232, -0.0225, -0.0223, -0.0226, -0.0235, -0.0249, -0.0249)
Top_Xtr: (0.7702, 0.7542, 0.7382, 0.7225, 0.7073, 0.6922, 0.6764, 0.66, 0.6432, 0.608, 0.5898, 0.5705, 0.5507, 0.5297, 0.5072, 0.4839, 0.4602, 0.4377, 0.4142, 0.3892, 0.3625, 0.3338, 0.3022, 0.2678, 0.2313, 0.196, 0.1618, 0.1308, 0.1023, 0.0771, 0.057, 0.0416, 0.0308, 0.0236, 0.019, 0.016, 0.014, 0.0126, 0.0114, 0.0106, 0.0099, 0.0094, 0.0089, 0.0086, 0.0086)
Bot_Xtr: (0.0412, 0.0578, 0.0965, 0.1857, 0.3383, 0.4997, 0.6387, 0.7297, 0.788, 0.8985, 0.9337, 0.9602, 0.9782, 0.9877, 0.9929, 0.9975, 1.0, 1.0, 1.0, 1.0, 1.0, 1.0, 1.0, 1.0, 1.0, 1.0, 1.0, 1.0, 1.0, 1.0, 1.0, 1.0, 1.0, 1.0, 1.0, 1.0, 1.0, 1.0, 1.0, 1.0, 1.0, 1.0, 1.0, 1.0, 1.0)
CL/CD: (-12.332589285714286, -6.411149825783973, 0.0, 7.057291666666666, 15.299145299145298, 24.953416149068325, 35.69051580698835, 46.17495711835334, 56.30208333333333, 75.13937282229965, 82.7008547008547, 89.4675540765391, 96.36070853462158, 103.15301391035548, 110.10401188707282, 116.06276747503567, 120.24725274725274, 121.81456953642383, 122.68447837150127, 122.63669501822602, 121.96531791907515, 120.18558951965066, 117.99382716049384, 114.4092219020173, 109.87522281639927, 104.95874587458745, 99.58111195734959, 93.73333333333333, 87.30128205128206, 80.72218986604541, 74.32717678100263, 68.15450643776825, 62.25279449699054, 56.62156938538848, 51.44247480013903, 46.52431421446384, 42.06828995242094, 37.94376098418278, 33.81058744695109, 30.189356188957543, 27.06397426733381, 23.833729216152022, 20.9857966530727, 18.756011136421158, 18.756011136421158)

***** Re = 4000000, Mach = 0.0, nCrit = 9 *****
alpha: (-4.144, -3.644, -2.644, -2.144, -1.644, -1.144, -0.644, -0.144, 0.356, 0.856, 1.356, 1.856, 2.356, 2.856, 3.356, 3.856, 4.356, 4.856, 5.356, 5.856, 6.356, 6.856, 7.856, 8.356, 8.856, 9.356, 9.856, 10.356, 11.356, 11.856, 12.356, 12.856, 13.356, 13.856, 14.356, 14.856, 15.356, 15.856, 16.356, 16.856, 17.356, 17.856, 18.356, 18.856, 19.356, 19.856, 20.356, 20.856, 20.856)
CL: (-0.1148, -0.0574, 0.0575, 0.1146, 0.1713, 0.2277, 0.284, 0.3405, 0.3968, 0.4534, 0.5103, 0.5674, 0.6242, 0.6795, 0.7345, 0.7886, 0.8414, 0.8928, 0.9495, 1.0108, 1.073, 1.1213, 1.2121, 1.2571, 1.3008, 1.3418, 1.382, 1.4166, 1.4804, 1.5118, 1.5424, 1.571, 1.5981, 1.6239, 1.6455, 1.6676, 1.6855, 1.6984, 1.7118, 1.7228, 1.7299, 1.7321, 1.7283, 1.7235, 1.7177, 1.7077, 1.6939, 1.6766, 1.6766)
CD: (0.00683, 0.00665, 0.00632, 0.00611, 0.00585, 0.00554, 0.00527, 0.00504, 0.00487, 0.00475, 0.00477, 0.00487, 0.00496, 0.00503, 0.00517, 0.00535, 0.00557, 0.00585, 0.0062, 0.00661, 0.00712, 0.00765, 0.00892, 0.00964, 0.01041, 0.01127, 0.0121, 0.01297, 0.0149, 0.01601, 0.01723, 0.01864, 0.02022, 0.02198, 0.02413, 0.02637, 0.02903, 0.03225, 0.03564, 0.03942, 0.04379, 0.04884, 0.05481, 0.0611, 0.06774, 0.07507, 0.0831, 0.09179, 0.09179)
CDp: (0.00167, 0.00149, 0.0012, 0.00109, 0.00099, 0.00091, 0.00088, 0.00087, 0.0009, 0.00095, 0.00104, 0.00112, 0.00122, 0.00136, 0.00152, 0.00169, 0.00187, 0.00208, 0.00232, 0.0026, 0.00295, 0.00332, 0.00425, 0.0048, 0.00542, 0.00615, 0.00687, 0.00767, 0.00954, 0.01065, 0.01189, 0.01332, 0.01494, 0.01674, 0.01895, 0.02125, 0.02398, 0.02728, 0.03076, 0.03464, 0.0391, 0.04426, 0.05035, 0.05677, 0.06355, 0.07102, 0.07919, 0.08803, 0.08803)
CM: (-0.0656, -0.066, -0.067, -0.0674, -0.0678, -0.0683, -0.0687, -0.0692, -0.0696, -0.07, -0.0704, -0.0709, -0.0713, -0.0714, -0.0714, -0.0713, -0.0709, -0.0701, -0.0708, -0.0726, -0.0747, -0.0737, -0.0707, -0.0693, -0.0677, -0.0656, -0.0635, -0.0603, -0.0535, -0.0505, -0.0476, -0.0448, -0.0421, -0.0395, -0.0369, -0.0347, -0.0325, -0.0303, -0.0286, -0.0273, -0.0262, -0.0254, -0.025, -0.025, -0.0255, -0.0265, -0.0279, -0.0299, -0.0299)
Top_Xtr: (0.6751, 0.6595, 0.6271, 0.6098, 0.5926, 0.5755, 0.5568, 0.5383, 0.5183, 0.4997, 0.48, 0.4596, 0.4394, 0.4177, 0.3952, 0.3731, 0.3498, 0.3248, 0.2977, 0.2686, 0.2359, 0.2033, 0.1378, 0.1082, 0.0821, 0.0586, 0.0428, 0.0306, 0.0171, 0.0134, 0.0109, 0.009, 0.0077, 0.0068, 0.0059, 0.0056, 0.0051, 0.0046, 0.0044, 0.0042, 0.004, 0.0038, 0.0035, 0.0034, 0.0033, 0.0033, 0.0032, 0.0031, 0.0031)
Bot_Xtr: (0.0261, 0.0343, 0.0681, 0.1083, 0.1795, 0.2804, 0.3893, 0.4936, 0.5977, 0.687, 0.7437, 0.7767, 0.8017, 0.8622, 0.9016, 0.9315, 0.956, 0.977, 0.9904, 0.9967, 0.9993, 1.0, 1.0, 1.0, 1.0, 1.0, 1.0, 1.0, 1.0, 1.0, 1.0, 1.0, 1.0, 1.0, 1.0, 1.0, 1.0, 1.0, 1.0, 1.0, 1.0, 1.0, 1.0, 1.0, 1.0, 1.0, 1.0, 1.0, 1.0)
CL/CD: (-16.808199121522694, -8.631578947368421, 9.098101265822786, 18.756137479541735, 29.28205128205128, 41.101083032490976, 53.88994307400379, 67.55952380952381, 81.47843942505133, 95.45263157894738, 106.98113207547169, 116.50924024640656, 125.84677419354838, 135.08946322067595, 142.06963249516443, 147.4018691588785, 151.0592459605027, 152.6153846153846, 153.1451612903226, 152.9198184568835, 150.70224719101122, 146.5751633986928, 135.88565022421523, 130.40456431535273, 124.95677233429393, 119.0594498669033, 114.21487603305785, 109.22127987663839, 99.35570469798657, 94.42848219862586, 89.51828206616368, 84.28111587982832, 79.03560830860535, 73.88080072793448, 68.19312059676751, 63.238528631020095, 58.0606269376507, 52.663565891472864, 48.03030303030303, 43.70370370370371, 39.504453071477506, 35.46478296478296, 31.532567049808428, 28.20785597381342, 25.35724830233245, 22.748101771679767, 20.38387484957882, 18.265606275193377, 18.265606275193377)

***** Re = 7000000, Mach = 0.0, nCrit = 9 *****
alpha: (-4.132, -3.632, -3.132, -2.632, -2.132, -1.632, -1.132, -0.632, -0.132, 0.368, 0.868, 1.368, 1.868, 2.368, 2.868, 3.368, 3.868, 4.868, 5.368, 5.868, 6.368, 7.368, 7.868, 8.368, 8.868, 9.368, 9.868, 10.368, 10.868, 11.368, 11.868, 12.368, 12.868, 13.368, 13.868, 14.368, 14.868, 15.368, 15.868, 16.368, 16.868, 17.368, 17.868, 18.368, 18.868, 19.368, 19.868, 20.368, 20.868, 21.368, 21.368)
CL: (-0.1158, -0.0579, 0.0, 0.0578, 0.1155, 0.1731, 0.2303, 0.2873, 0.3442, 0.4012, 0.4581, 0.5147, 0.5718, 0.6287, 0.6856, 0.7421, 0.7976, 0.9064, 0.9591, 1.0093, 1.0602, 1.1719, 1.2182, 1.2653, 1.3106, 1.3554, 1.3987, 1.4403, 1.4775, 1.511, 1.5449, 1.5778, 1.6099, 1.6397, 1.6682, 1.6935, 1.7189, 1.7404, 1.758, 1.7748, 1.79, 1.8017, 1.8094, 1.8131, 1.8122, 1.8082, 1.803, 1.7954, 1.7824, 1.7666, 1.7666)
CD: (0.0063, 0.00616, 0.00603, 0.00591, 0.00578, 0.00563, 0.00545, 0.00525, 0.00506, 0.00493, 0.0048, 0.00472, 0.00472, 0.00481, 0.00496, 0.00515, 0.00528, 0.00569, 0.00597, 0.00633, 0.00674, 0.0079, 0.00855, 0.00917, 0.00988, 0.01058, 0.0113, 0.01201, 0.01272, 0.01352, 0.01439, 0.01537, 0.01646, 0.01774, 0.01916, 0.02087, 0.02268, 0.02484, 0.02743, 0.03021, 0.03328, 0.03686, 0.04099, 0.0457, 0.05113, 0.05709, 0.06343, 0.07018, 0.07785, 0.08598, 0.08598)
CDp: (0.00146, 0.00131, 0.00118, 0.00108, 0.00098, 0.00091, 0.00085, 0.00082, 0.00081, 0.00084, 0.00088, 0.00094, 0.00103, 0.00114, 0.00126, 0.00139, 0.00155, 0.00196, 0.0022, 0.00248, 0.00277, 0.00359, 0.00407, 0.00456, 0.00514, 0.00573, 0.00638, 0.00704, 0.00772, 0.0085, 0.00938, 0.01036, 0.01147, 0.01277, 0.01422, 0.01597, 0.01782, 0.02003, 0.02267, 0.02552, 0.02866, 0.03232, 0.03652, 0.04132, 0.04686, 0.05293, 0.05939, 0.06625, 0.07405, 0.08232, 0.08232)
CM: (-0.0653, -0.0658, -0.0663, -0.0668, -0.0674, -0.0679, -0.0685, -0.069, -0.0695, -0.0701, -0.0706, -0.0711, -0.0716, -0.072, -0.0725, -0.073, -0.0732, -0.0733, -0.073, -0.0722, -0.0715, -0.0731, -0.0718, -0.0707, -0.0693, -0.0679, -0.0663, -0.0644, -0.0616, -0.0583, -0.0554, -0.0525, -0.0498, -0.0471, -0.0444, -0.0417, -0.0393, -0.0369, -0.0345, -0.0324, -0.0306, -0.0291, -0.0277, -0.0267, -0.026, -0.0258, -0.026, -0.0265, -0.0276, -0.0291, -0.0291)
Top_Xtr: (0.6329, 0.6168, 0.6007, 0.5827, 0.5657, 0.5478, 0.5294, 0.5099, 0.4912, 0.4716, 0.4526, 0.4317, 0.4123, 0.3907, 0.3691, 0.346, 0.3223, 0.2733, 0.2469, 0.2191, 0.1909, 0.1248, 0.0956, 0.0731, 0.0525, 0.0373, 0.0262, 0.019, 0.0146, 0.0115, 0.0092, 0.0077, 0.0067, 0.0057, 0.0052, 0.0045, 0.0043, 0.0039, 0.0035, 0.0033, 0.0032, 0.0031, 0.0029, 0.0027, 0.0026, 0.0024, 0.0024, 0.0024, 0.0023, 0.0023, 0.0023)
Bot_Xtr: (0.0221, 0.0284, 0.0366, 0.0522, 0.0757, 0.1177, 0.183, 0.2682, 0.3634, 0.45, 0.545, 0.6346, 0.6981, 0.7436, 0.7725, 0.7879, 0.8352, 0.9183, 0.9453, 0.9697, 0.989, 1.0, 1.0, 1.0, 1.0, 1.0, 1.0, 1.0, 1.0, 1.0, 1.0, 1.0, 1.0, 1.0, 1.0, 1.0, 1.0, 1.0, 1.0, 1.0, 1.0, 1.0, 1.0, 1.0, 1.0, 1.0, 1.0, 1.0, 1.0, 1.0, 1.0)
CL/CD: (-18.38095238095238, -9.39935064935065, 0.0, 9.780033840947546, 19.982698961937714, 30.746003552397873, 42.25688073394495, 54.72380952380952, 68.02371541501977, 81.37931034482759, 95.43750000000001, 109.04661016949153, 121.14406779661016, 130.7068607068607, 138.2258064516129, 144.09708737864077, 151.06060606060606, 159.2970123022847, 160.6532663316583, 159.44707740916274, 157.29970326409494, 148.3417721518987, 142.47953216374268, 137.9825517993457, 132.65182186234819, 128.109640831758, 123.77876106194691, 119.92506244796003, 116.15566037735849, 111.76035502958578, 107.35927727588603, 102.65452179570593, 97.8068043742406, 92.42953776775649, 87.06680584551148, 81.14518447532343, 75.78924162257496, 70.06441223832527, 64.09041195771054, 58.748758689175766, 53.7860576923077, 48.8795442213782, 44.14247377409124, 39.67396061269147, 35.44298846078623, 31.672797337537222, 28.42503547217405, 25.582787118837274, 22.895311496467563, 20.54663875319842, 20.54663875319842)

***** Re = 10000000, Mach = 0.0, nCrit = 9 *****
alpha: (-4.122, -3.622, -3.122, -2.622, -2.122, -1.622, -1.122, -0.622, -0.122, 0.378, 0.878, 1.378, 1.878, 2.378, 2.878, 3.378, 3.878, 4.378, 4.878, 5.378, 5.878, 6.378, 6.878, 7.878, 8.378, 8.878, 9.378, 9.878, 10.378, 10.878, 11.378, 11.878, 12.378, 12.878, 13.378, 13.878, 14.378, 14.878, 15.378, 15.878, 16.378, 16.878, 17.378, 17.878, 18.378, 18.878, 19.378, 19.878, 20.378, 20.878, 21.378, 21.878, 22.378, 22.378)
CL: (-0.1161, -0.058, 0.0, 0.0581, 0.1161, 0.1739, 0.2315, 0.289, 0.3463, 0.4036, 0.4606, 0.5177, 0.5746, 0.6313, 0.6881, 0.7447, 0.801, 0.8568, 0.9113, 0.9651, 1.0182, 1.0688, 1.116, 1.2229, 1.2708, 1.3176, 1.3638, 1.4092, 1.4537, 1.4954, 1.5315, 1.5656, 1.5997, 1.6332, 1.6639, 1.6947, 1.7225, 1.7472, 1.772, 1.7942, 1.8126, 1.8274, 1.8385, 1.8507, 1.8597, 1.8656, 1.867, 1.8644, 1.8581, 1.8459, 1.8299, 1.8109, 1.7858, 1.7858)
CD: (0.00602, 0.0059, 0.00581, 0.0057, 0.0056, 0.00549, 0.00536, 0.00523, 0.00509, 0.00497, 0.00488, 0.0048, 0.00477, 0.00481, 0.00491, 0.00507, 0.00528, 0.00553, 0.00572, 0.00597, 0.00627, 0.00668, 0.00714, 0.0083, 0.00888, 0.00953, 0.01017, 0.0108, 0.01141, 0.01207, 0.01273, 0.0135, 0.01435, 0.01529, 0.01644, 0.01765, 0.0191, 0.02083, 0.02265, 0.02476, 0.02724, 0.03016, 0.03358, 0.0371, 0.04109, 0.04555, 0.05068, 0.0564, 0.06274, 0.06997, 0.0779, 0.08637, 0.0959, 0.0959)
CDp: (0.00135, 0.00122, 0.00112, 0.00102, 0.00094, 0.00088, 0.00083, 0.00081, 0.00081, 0.00082, 0.00086, 0.00092, 0.001, 0.0011, 0.00123, 0.00137, 0.00152, 0.00169, 0.00191, 0.00214, 0.00241, 0.00274, 0.0031, 0.00396, 0.00442, 0.00495, 0.0055, 0.00607, 0.00665, 0.00727, 0.00792, 0.00869, 0.00954, 0.0105, 0.01165, 0.01289, 0.01436, 0.01613, 0.01799, 0.02014, 0.02267, 0.02565, 0.02914, 0.03273, 0.03679, 0.04134, 0.04655, 0.05237, 0.05882, 0.06615, 0.07421, 0.0828, 0.09248, 0.09248)
CM: (-0.0651, -0.0656, -0.0662, -0.0668, -0.0674, -0.0679, -0.0685, -0.0691, -0.0696, -0.0702, -0.0708, -0.0714, -0.0719, -0.0724, -0.0729, -0.0733, -0.0738, -0.0741, -0.0742, -0.0742, -0.0741, -0.0734, -0.072, -0.0725, -0.0716, -0.0705, -0.0693, -0.068, -0.0666, -0.0647, -0.0617, -0.0586, -0.0557, -0.053, -0.0502, -0.0476, -0.0449, -0.0422, -0.0398, -0.0375, -0.0351, -0.0329, -0.0309, -0.0295, -0.0282, -0.0272, -0.0266, -0.0263, -0.0264, -0.0269, -0.028, -0.0295, -0.0318, -0.0318)
Top_Xtr: (0.6039, 0.5877, 0.5695, 0.5531, 0.5349, 0.5166, 0.4971, 0.4784, 0.4591, 0.4405, 0.4193, 0.401, 0.3797, 0.3579, 0.3369, 0.3142, 0.2907, 0.2661, 0.2398, 0.2143, 0.189, 0.1584, 0.129, 0.0746, 0.0558, 0.0393, 0.027, 0.0193, 0.0147, 0.0111, 0.009, 0.0073, 0.0063, 0.0055, 0.0047, 0.0044, 0.004, 0.0035, 0.0033, 0.0032, 0.003, 0.0027, 0.0024, 0.0024, 0.0024, 0.0023, 0.0023, 0.0022, 0.0021, 0.002, 0.0019, 0.0019, 0.0018, 0.0018)
Bot_Xtr: (0.0202, 0.0254, 0.0323, 0.044, 0.0628, 0.0944, 0.1442, 0.2062, 0.2871, 0.3654, 0.4524, 0.5381, 0.618, 0.68, 0.7263, 0.7614, 0.779, 0.7904, 0.8479, 0.8929, 0.9253, 0.9531, 0.9807, 1.0, 1.0, 1.0, 1.0, 1.0, 1.0, 1.0, 1.0, 1.0, 1.0, 1.0, 1.0, 1.0, 1.0, 1.0, 1.0, 1.0, 1.0, 1.0, 1.0, 1.0, 1.0, 1.0, 1.0, 1.0, 1.0, 1.0, 1.0, 1.0, 1.0, 1.0)
CL/CD: (-19.285714285714285, -9.830508474576272, 0.0, 10.192982456140351, 20.732142857142858, 31.675774134790526, 43.190298507462686, 55.25812619502867, 68.03536345776031, 81.2072434607646, 94.38524590163935, 107.85416666666669, 120.46121593291404, 131.24740124740123, 140.14256619144604, 146.88362919132152, 151.70454545454547, 154.9367088607595, 159.3181818181818, 161.65829145728642, 162.39234449760764, 160.0, 156.30252100840337, 147.33734939759037, 143.1081081081081, 138.25813221406088, 134.1002949852507, 130.48148148148147, 127.40578439964943, 123.89395194697597, 120.30636292223096, 115.97037037037038, 111.4773519163763, 106.81491170699803, 101.21046228710462, 96.01699716713883, 90.18324607329843, 83.87902064330292, 78.23399558498896, 72.46365105008077, 66.54185022026432, 60.59018567639257, 54.74985110184634, 49.88409703504043, 45.25918715015818, 40.957189901207464, 36.83898973954222, 33.05673758865248, 29.615875039846987, 26.381306274117478, 23.490372272143777, 20.96677086951488, 18.62148070907195, 18.62148070907195)

***** Re = 100000, Mach = 0.0, nCrit = 9 *****
alpha: (-3.213, -2.713, -2.213, -1.713, -1.213, -0.713, -0.213, 0.287, 0.787, 1.287, 1.787, 2.287, 2.787, 3.287, 3.787, 4.287, 4.787, 5.287, 5.787, 6.287, 6.787, 7.287, 7.787, 8.287, 8.787, 9.287, 9.787, 10.287, 10.787, 11.287, 11.787, 12.287, 12.787, 13.287, 13.787, 14.287, 14.287)
CL: (-0.1144, -0.0672, 0.0001, 0.2119, 0.3337, 0.3742, 0.4166, 0.4518, 0.4979, 0.536, 0.5851, 0.6274, 0.679, 0.7232, 0.7782, 0.8233, 0.8717, 0.9229, 0.9749, 1.0243, 1.0706, 1.116, 1.1621, 1.2048, 1.2442, 1.277, 1.3051, 1.3256, 1.3357, 1.3357, 1.3323, 1.3255, 1.3155, 1.3034, 1.2937, 1.2891, 1.2891)
CD: (0.02307, 0.02077, 0.02127, 0.02163, 0.02082, 0.02054, 0.02027, 0.02032, 0.0201, 0.02028, 0.02013, 0.02035, 0.02025, 0.02055, 0.02043, 0.02079, 0.02105, 0.02122, 0.0214, 0.02171, 0.02215, 0.02265, 0.02313, 0.02375, 0.02446, 0.02537, 0.02642, 0.02769, 0.02921, 0.03132, 0.03416, 0.03783, 0.04236, 0.04777, 0.05355, 0.05924, 0.05924)
CDp: (0.01459, 0.01473, 0.01526, 0.01496, 0.01378, 0.0133, 0.01284, 0.01273, 0.01236, 0.01242, 0.01215, 0.0123, 0.01211, 0.01237, 0.01218, 0.01256, 0.01284, 0.01301, 0.01319, 0.01353, 0.01406, 0.01463, 0.01515, 0.01583, 0.01659, 0.01758, 0.01867, 0.01996, 0.02147, 0.02363, 0.0265, 0.03014, 0.03459, 0.04001, 0.04575, 0.05142, 0.05142)
CM: (-0.0627, -0.0594, -0.0575, -0.0847, -0.0987, -0.0971, -0.0952, -0.0919, -0.0899, -0.0867, -0.0849, -0.0822, -0.0808, -0.0784, -0.0774, -0.0752, -0.0735, -0.0721, -0.0709, -0.0694, -0.0675, -0.0655, -0.0635, -0.0611, -0.0582, -0.0545, -0.0501, -0.0448, -0.0382, -0.031, -0.0248, -0.0195, -0.0153, -0.012, -0.0096, -0.0077, -0.0077)
Top_Xtr: (0.9071, 0.8942, 0.8817, 0.883, 0.8713, 0.8511, 0.8319, 0.8113, 0.7941, 0.774, 0.7568, 0.7369, 0.7192, 0.6985, 0.6803, 0.658, 0.6361, 0.6142, 0.5915, 0.567, 0.5406, 0.5128, 0.4841, 0.4537, 0.4215, 0.3877, 0.3532, 0.3185, 0.285, 0.2524, 0.2198, 0.1883, 0.1587, 0.1318, 0.1096, 0.0923, 0.0923)
Bot_Xtr: (0.2275, 0.7483, 0.903, 0.9803, 1.0, 1.0, 1.0, 1.0, 1.0, 1.0, 1.0, 1.0, 1.0, 1.0, 1.0, 1.0, 1.0, 1.0, 1.0, 1.0, 1.0, 1.0, 1.0, 1.0, 1.0, 1.0, 1.0, 1.0, 1.0, 1.0, 1.0, 1.0, 1.0, 1.0, 1.0, 1.0, 1.0)
CL/CD: (-4.958820979627221, -3.2354357246027923, 0.004701457451810062, 9.796578825705039, 16.027857829010564, 18.21811100292113, 20.552540700542675, 22.234251968503933, 24.771144278606965, 26.429980276134124, 29.06607054148038, 30.83046683046683, 33.53086419753087, 35.19221411192214, 38.09104258443465, 39.6007696007696, 41.410926365795724, 43.491988689915175, 45.556074766355145, 47.181022570244124, 48.33408577878104, 49.27152317880795, 50.24210981409424, 50.72842105263158, 50.866721177432545, 50.33504138746551, 49.39818319454958, 47.87287829541351, 45.72749058541596, 42.646871008939975, 39.00175644028103, 35.03832936822627, 31.05524079320113, 27.284906845300394, 24.158730158730158, 21.76063470627954, 21.76063470627954)

***** Re = 400000, Mach = 0.0, nCrit = 9 *****
alpha: (-4.237, -3.737, -3.237, -2.737, -2.237, -1.737, -1.237, -0.737, -0.237, 0.263, 0.763, 1.263, 1.763, 2.263, 2.763, 3.263, 3.763, 4.263, 4.763, 5.263, 5.763, 6.263, 6.763, 7.263, 7.763, 8.263, 8.763, 9.263, 9.763, 10.263, 10.763, 11.263, 11.763, 12.263, 12.763, 13.263, 13.763, 14.263, 14.763, 15.263, 15.763, 15.763)
CL: (-0.1025, -0.0505, -0.0, 0.0485, 0.0971, 0.1479, 0.1998, 0.2506, 0.3021, 0.3609, 0.4356, 0.5175, 0.5991, 0.676, 0.7212, 0.7663, 0.8111, 0.8561, 0.9011, 0.9459, 0.9911, 1.0365, 1.0815, 1.1253, 1.1669, 1.2068, 1.2427, 1.2722, 1.2982, 1.3224, 1.3439, 1.362, 1.3765, 1.3863, 1.3921, 1.3942, 1.3938, 1.3909, 1.3836, 1.3755, 1.3648, 1.3648)
CD: (0.01178, 0.01105, 0.01006, 0.00895, 0.00818, 0.00787, 0.00772, 0.00773, 0.00785, 0.00803, 0.00824, 0.00841, 0.00856, 0.0087, 0.0088, 0.00897, 0.00919, 0.00945, 0.00975, 0.01011, 0.01051, 0.01095, 0.01144, 0.01201, 0.0127, 0.01344, 0.01434, 0.01538, 0.01664, 0.01817, 0.02, 0.0222, 0.02483, 0.02801, 0.03177, 0.03614, 0.04105, 0.04657, 0.05298, 0.05987, 0.06745, 0.06745)
CDp: (0.00476, 0.00408, 0.00352, 0.00314, 0.00299, 0.00297, 0.00293, 0.00298, 0.00307, 0.00314, 0.00321, 0.00326, 0.00329, 0.0033, 0.00333, 0.00342, 0.00357, 0.00377, 0.00402, 0.00432, 0.00467, 0.00508, 0.00555, 0.00609, 0.00671, 0.00741, 0.00824, 0.00919, 0.01036, 0.01178, 0.01352, 0.01562, 0.01817, 0.02129, 0.02502, 0.02944, 0.03444, 0.04011, 0.04667, 0.05373, 0.06152, 0.06152)
CM: (-0.0717, -0.071, -0.0704, -0.0696, -0.0683, -0.0669, -0.0655, -0.0637, -0.062, -0.0621, -0.066, -0.0718, -0.0777, -0.0828, -0.0811, -0.0794, -0.0775, -0.0756, -0.0737, -0.0718, -0.07, -0.0683, -0.0667, -0.0648, -0.0627, -0.0603, -0.0574, -0.0534, -0.0491, -0.045, -0.041, -0.0372, -0.0335, -0.03, -0.0268, -0.0241, -0.0219, -0.0205, -0.0197, -0.0197, -0.0202, -0.0202)
Top_Xtr: (0.8401, 0.8241, 0.8083, 0.793, 0.7767, 0.7604, 0.7445, 0.7285, 0.7116, 0.695, 0.6776, 0.6587, 0.6391, 0.6186, 0.5982, 0.5782, 0.5574, 0.5359, 0.514, 0.4914, 0.4677, 0.4428, 0.4163, 0.3883, 0.3587, 0.3266, 0.2926, 0.2585, 0.2246, 0.1911, 0.1581, 0.1263, 0.0975, 0.073, 0.0542, 0.0418, 0.0342, 0.0292, 0.0259, 0.0235, 0.0217, 0.0217)
Bot_Xtr: (0.0599, 0.0884, 0.201, 0.4214, 0.6139, 0.7355, 0.8075, 0.8743, 0.922, 0.9543, 0.9715, 0.9827, 0.9927, 1.0, 1.0, 1.0, 1.0, 1.0, 1.0, 1.0, 1.0, 1.0, 1.0, 1.0, 1.0, 1.0, 1.0, 1.0, 1.0, 1.0, 1.0, 1.0, 1.0, 1.0, 1.0, 1.0, 1.0, 1.0, 1.0, 1.0, 1.0, 1.0)
CL/CD: (-8.701188455008488, -4.570135746606335, -0.0, 5.418994413407821, 11.870415647921762, 18.792884371029224, 25.88082901554404, 32.41914618369987, 38.48407643312102, 44.9439601494396, 52.864077669902905, 61.53388822829963, 69.98831775700934, 77.70114942528737, 81.95454545454544, 85.42920847268672, 88.25897714907508, 90.5925925925926, 92.42051282051283, 93.56083086053413, 94.30066603235014, 94.65753424657534, 94.53671328671328, 93.69691923397168, 91.88188976377954, 89.79166666666667, 86.65969316596932, 82.71781534460338, 78.01682692307693, 72.77930654925703, 67.19500000000001, 61.351351351351354, 55.43697140555779, 49.49303820064263, 43.818067359143846, 38.577753182069735, 33.9537149817296, 29.866867081812327, 26.11551528878822, 22.974778687155503, 20.234247590808007, 20.234247590808007)

***** Re = 700000, Mach = 0.0, nCrit = 9 *****
alpha: (-4.202, -3.702, -3.202, -2.202, -1.702, -1.202, -0.702, -0.202, 0.298, 0.798, 1.298, 1.798, 2.298, 2.798, 3.798, 4.298, 4.798, 5.298, 5.798, 6.298, 6.798, 7.298, 7.798, 8.298, 8.798, 9.298, 9.798, 10.298, 10.798, 11.298, 11.798, 12.298, 12.798, 13.298, 13.798, 14.298, 15.298, 15.798, 16.298, 16.798, 17.298, 17.298)
CL: (-0.1083, -0.054, 0.0, 0.1042, 0.1562, 0.2094, 0.2639, 0.3163, 0.3686, 0.4209, 0.4774, 0.5446, 0.6192, 0.6956, 0.8219, 0.8664, 0.9108, 0.9557, 1.0009, 1.0468, 1.0931, 1.1382, 1.182, 1.2231, 1.2612, 1.2943, 1.3221, 1.3478, 1.3705, 1.3911, 1.4083, 1.4237, 1.4357, 1.4475, 1.4558, 1.4607, 1.4633, 1.4556, 1.4479, 1.4396, 1.4252, 1.4252)
CD: (0.00983, 0.00938, 0.00884, 0.00731, 0.00676, 0.00647, 0.00637, 0.00629, 0.00632, 0.00642, 0.0066, 0.0068, 0.00704, 0.00729, 0.00771, 0.00796, 0.00825, 0.00858, 0.00895, 0.00938, 0.00986, 0.01044, 0.0111, 0.0119, 0.01281, 0.01383, 0.01501, 0.01644, 0.01814, 0.0201, 0.02243, 0.02506, 0.02814, 0.03146, 0.03529, 0.03967, 0.05006, 0.05677, 0.06385, 0.0713, 0.07987, 0.07987)
CDp: (0.00334, 0.00288, 0.00252, 0.00199, 0.00189, 0.00188, 0.00187, 0.00193, 0.00201, 0.00209, 0.00218, 0.0023, 0.00243, 0.00257, 0.00285, 0.00302, 0.00323, 0.0035, 0.00381, 0.00417, 0.00459, 0.00508, 0.00564, 0.00631, 0.00708, 0.00796, 0.00902, 0.01031, 0.01189, 0.01375, 0.016, 0.01861, 0.0217, 0.02509, 0.02902, 0.03354, 0.04424, 0.05111, 0.05841, 0.06605, 0.07481, 0.07481)
CM: (-0.0685, -0.0683, -0.0682, -0.0678, -0.0673, -0.0667, -0.0663, -0.0653, -0.0642, -0.0631, -0.063, -0.0656, -0.0699, -0.0748, -0.079, -0.0771, -0.0751, -0.0732, -0.0714, -0.0699, -0.0684, -0.0669, -0.0652, -0.0631, -0.0605, -0.0572, -0.053, -0.0489, -0.0449, -0.041, -0.0372, -0.0338, -0.0306, -0.028, -0.0257, -0.0238, -0.0216, -0.0214, -0.0217, -0.0226, -0.0242, -0.0242)
Top_Xtr: (0.7966, 0.7808, 0.7647, 0.7327, 0.7173, 0.7013, 0.6852, 0.669, 0.6522, 0.6346, 0.6168, 0.5972, 0.5767, 0.5554, 0.5114, 0.49, 0.4677, 0.4445, 0.4201, 0.3944, 0.3666, 0.3365, 0.3043, 0.269, 0.2327, 0.1983, 0.1654, 0.1335, 0.1043, 0.0788, 0.0582, 0.0426, 0.0318, 0.0253, 0.0211, 0.0183, 0.0148, 0.0137, 0.0129, 0.0122, 0.0116, 0.0116)
Bot_Xtr: (0.0471, 0.0678, 0.1234, 0.4411, 0.6053, 0.7165, 0.7835, 0.8498, 0.9006, 0.9366, 0.9631, 0.9787, 0.9874, 0.9938, 1.0, 1.0, 1.0, 1.0, 1.0, 1.0, 1.0, 1.0, 1.0, 1.0, 1.0, 1.0, 1.0, 1.0, 1.0, 1.0, 1.0, 1.0, 1.0, 1.0, 1.0, 1.0, 1.0, 1.0, 1.0, 1.0, 1.0, 1.0)
CL/CD: (-11.01729399796541, -5.756929637526652, 0.0, 14.254445964432286, 23.106508875739646, 32.364760432766616, 41.42857142857143, 50.28616852146265, 58.32278481012658, 65.5607476635514, 72.33333333333333, 80.08823529411765, 87.95454545454545, 95.41838134430728, 106.6018158236057, 108.84422110552764, 110.4, 111.38694638694638, 111.83240223463686, 111.59914712153518, 110.86206896551722, 109.02298850574714, 106.48648648648647, 102.78151260504201, 98.45433255269322, 93.58640636297903, 88.08127914723518, 81.98296836982969, 75.55126791620728, 69.2089552238806, 62.78644672313866, 56.81165203511572, 51.01990049751244, 46.010807374443736, 41.25247945593652, 36.821275523065296, 29.230922892528966, 25.64030297692443, 22.676585747846513, 20.190743338008414, 17.843996494303244, 17.843996494303244)

***** Re = 1000000, Mach = 0.0, nCrit = 7 *****
alpha: (-4.172, -3.672, -3.172, -2.672, -2.172, -1.672, -1.172, -0.672, -0.172, 0.328, 0.828, 1.328, 1.828, 2.328, 2.828, 3.328, 3.828, 4.328, 4.828, 5.328, 5.828, 6.328, 6.828, 7.328, 7.828, 8.328, 8.828, 9.328, 9.828, 10.328, 10.828, 11.328, 11.828, 12.328, 12.828, 13.328, 13.828, 14.328, 14.828, 15.328, 15.828, 16.328, 16.828, 17.328, 17.828, 18.328, 18.828, 19.328, 19.328)
CL: (-0.1113, -0.0556, 0.0, 0.0553, 0.1096, 0.1636, 0.2176, 0.2716, 0.3262, 0.3814, 0.4353, 0.4889, 0.5417, 0.5949, 0.654, 0.7176, 0.787, 0.8555, 0.9157, 0.9599, 1.0046, 1.0501, 1.0957, 1.141, 1.1841, 1.2248, 1.2627, 1.2949, 1.3226, 1.3492, 1.3743, 1.3982, 1.4203, 1.4421, 1.4609, 1.4781, 1.4932, 1.5065, 1.5149, 1.5226, 1.5226, 1.5253, 1.523, 1.5137, 1.5011, 1.4891, 1.4734, 1.4548, 1.4548)
CD: (0.00903, 0.00873, 0.00843, 0.00807, 0.00757, 0.00701, 0.00652, 0.0062, 0.00604, 0.006, 0.00598, 0.00604, 0.00617, 0.00635, 0.00657, 0.00684, 0.00714, 0.00747, 0.00782, 0.00816, 0.00855, 0.009, 0.00955, 0.01016, 0.01091, 0.01176, 0.01272, 0.01377, 0.01496, 0.01634, 0.01791, 0.01965, 0.02163, 0.02376, 0.02624, 0.029, 0.0321, 0.0355, 0.03956, 0.04393, 0.04935, 0.05477, 0.06097, 0.06834, 0.07642, 0.08468, 0.09373, 0.1034, 0.1034)
CDp: (0.00265, 0.00235, 0.00209, 0.00186, 0.00166, 0.00151, 0.00142, 0.0014, 0.00144, 0.00147, 0.00156, 0.00167, 0.0018, 0.00193, 0.00209, 0.00226, 0.00247, 0.00271, 0.00296, 0.00322, 0.00352, 0.00388, 0.00431, 0.0048, 0.0054, 0.00609, 0.00688, 0.00778, 0.00885, 0.01012, 0.0116, 0.0133, 0.01526, 0.01742, 0.01995, 0.02278, 0.02598, 0.0295, 0.03368, 0.03819, 0.04375, 0.04934, 0.05571, 0.06324, 0.07153, 0.07998, 0.08923, 0.0991, 0.0991)
CM: (-0.0668, -0.0669, -0.067, -0.0672, -0.0673, -0.0674, -0.0674, -0.0672, -0.0671, -0.067, -0.0665, -0.066, -0.0653, -0.0647, -0.0655, -0.0675, -0.0709, -0.0742, -0.0758, -0.0737, -0.0719, -0.0702, -0.0687, -0.0672, -0.0655, -0.0633, -0.0608, -0.0573, -0.0531, -0.0492, -0.0454, -0.0419, -0.0386, -0.0357, -0.0329, -0.0304, -0.0282, -0.0264, -0.0247, -0.0235, -0.0227, -0.0224, -0.0225, -0.0232, -0.0245, -0.0262, -0.0285, -0.0314, -0.0314)
Top_Xtr: (0.7417, 0.7258, 0.7106, 0.6955, 0.6803, 0.6645, 0.6479, 0.6311, 0.6137, 0.5958, 0.5777, 0.5585, 0.5391, 0.5191, 0.4983, 0.4767, 0.4533, 0.4286, 0.4038, 0.3798, 0.3542, 0.327, 0.2976, 0.2657, 0.2311, 0.1954, 0.1613, 0.1294, 0.1017, 0.0774, 0.0578, 0.0429, 0.0318, 0.0246, 0.0195, 0.0161, 0.0137, 0.0121, 0.0108, 0.0099, 0.0091, 0.0085, 0.008, 0.0075, 0.0072, 0.007, 0.0067, 0.0065, 0.0065)
Bot_Xtr: (0.0371, 0.0501, 0.0753, 0.1268, 0.2301, 0.372, 0.5164, 0.6383, 0.732, 0.7867, 0.8421, 0.8901, 0.9256, 0.9536, 0.9727, 0.9857, 0.9922, 0.9972, 1.0, 1.0, 1.0, 1.0, 1.0, 1.0, 1.0, 1.0, 1.0, 1.0, 1.0, 1.0, 1.0, 1.0, 1.0, 1.0, 1.0, 1.0, 1.0, 1.0, 1.0, 1.0, 1.0, 1.0, 1.0, 1.0, 1.0, 1.0, 1.0, 1.0, 1.0)
CL/CD: (-12.325581395348838, -6.368843069873997, 0.0, 6.852540272614622, 14.478203434610304, 23.33808844507846, 33.374233128834355, 43.80645161290323, 54.00662251655629, 63.56666666666667, 72.79264214046823, 80.94370860927152, 87.79578606158832, 93.68503937007874, 99.54337899543378, 104.9122807017544, 110.22408963585436, 114.52476572958501, 117.09718670076725, 117.63480392156862, 117.4970760233918, 116.67777777777779, 114.73298429319371, 112.3031496062992, 108.53345554537121, 104.14965986394559, 99.2688679245283, 94.03776325344953, 88.4090909090909, 82.5703794369645, 76.73366834170855, 71.15521628498728, 65.66343042071198, 60.69444444444444, 55.674542682926834, 50.96896551724137, 46.5171339563863, 42.43661971830986, 38.29373104145601, 34.659685863874344, 30.85309017223911, 27.84918751141136, 24.97949811382647, 22.14954638571847, 19.64276367443078, 17.585025980160605, 15.719620185639604, 14.06963249516441, 14.06963249516441)

***** Re = 4000000, Mach = 0.0, nCrit = 7 *****
alpha: (-4.135, -3.635, -3.135, -2.635, -2.135, -1.635, -1.135, -0.635, -0.135, 0.365, 0.865, 1.365, 1.865, 2.365, 2.865, 3.365, 3.865, 4.865, 5.365, 5.865, 6.365, 6.865, 7.365, 7.865, 8.365, 8.865, 9.365, 9.865, 10.365, 10.865, 11.365, 11.865, 12.365, 12.865, 13.365, 13.865, 14.365, 14.865, 15.365, 15.865, 16.365, 16.865, 17.365, 17.865, 18.365, 18.865, 19.365, 19.865, 20.365, 20.865, 21.365, 21.365)
CL: (-0.1149, -0.0575, 0.0, 0.0574, 0.1148, 0.1718, 0.2285, 0.2851, 0.3415, 0.3977, 0.4539, 0.5102, 0.5668, 0.6235, 0.6799, 0.7352, 0.7897, 0.8956, 0.9459, 0.9991, 1.0576, 1.1155, 1.1604, 1.2058, 1.2508, 1.2938, 1.3361, 1.376, 1.41, 1.443, 1.4764, 1.5088, 1.5397, 1.5688, 1.5967, 1.6217, 1.6456, 1.6658, 1.6842, 1.7004, 1.7131, 1.7218, 1.7271, 1.7323, 1.7341, 1.7311, 1.7248, 1.7132, 1.6984, 1.6792, 1.6566, 1.6566)
CD: (0.00698, 0.00682, 0.00667, 0.00654, 0.00639, 0.0062, 0.00599, 0.00575, 0.00556, 0.00538, 0.00521, 0.00516, 0.0052, 0.00531, 0.00549, 0.00561, 0.00575, 0.00624, 0.00656, 0.00695, 0.00746, 0.00805, 0.0087, 0.00939, 0.0101, 0.0109, 0.01167, 0.01247, 0.0133, 0.01419, 0.01515, 0.01622, 0.01743, 0.01882, 0.02037, 0.02219, 0.02418, 0.02657, 0.0292, 0.03215, 0.0356, 0.03959, 0.04416, 0.04891, 0.05424, 0.06029, 0.06694, 0.07446, 0.08258, 0.09153, 0.10114, 0.10114)
CDp: (0.00168, 0.00151, 0.00136, 0.00124, 0.00113, 0.00104, 0.00097, 0.00093, 0.00093, 0.00095, 0.00099, 0.00107, 0.00117, 0.00129, 0.00141, 0.00157, 0.00176, 0.00221, 0.00246, 0.00275, 0.00311, 0.00353, 0.004, 0.00452, 0.00509, 0.00574, 0.00642, 0.00714, 0.00793, 0.0088, 0.00976, 0.01083, 0.01207, 0.01348, 0.01507, 0.01693, 0.01898, 0.02142, 0.02413, 0.02716, 0.03069, 0.03477, 0.03945, 0.0443, 0.04974, 0.05592, 0.06269, 0.07035, 0.07861, 0.08772, 0.09749, 0.09749)
CM: (-0.0654, -0.0658, -0.0663, -0.0667, -0.0672, -0.0677, -0.0681, -0.0686, -0.069, -0.0694, -0.0699, -0.0702, -0.0706, -0.071, -0.0714, -0.0716, -0.0716, -0.071, -0.0701, -0.07, -0.0713, -0.0725, -0.0709, -0.0695, -0.0681, -0.0663, -0.0645, -0.0623, -0.059, -0.0557, -0.0527, -0.0499, -0.0471, -0.0444, -0.0418, -0.0392, -0.0368, -0.0345, -0.0323, -0.0304, -0.0287, -0.0272, -0.0261, -0.0254, -0.0251, -0.0251, -0.0255, -0.0264, -0.0278, -0.0298, -0.0324, -0.0324)
Top_Xtr: (0.6438, 0.6278, 0.6112, 0.5938, 0.577, 0.5592, 0.5413, 0.5229, 0.5037, 0.4835, 0.4648, 0.4444, 0.4241, 0.4035, 0.3812, 0.3588, 0.3364, 0.2871, 0.2617, 0.2341, 0.2033, 0.1707, 0.1371, 0.1071, 0.0815, 0.0589, 0.0428, 0.0308, 0.0222, 0.0168, 0.0132, 0.0108, 0.009, 0.0076, 0.0066, 0.0058, 0.0053, 0.0048, 0.0044, 0.0042, 0.0039, 0.0036, 0.0034, 0.0033, 0.0032, 0.0031, 0.003, 0.0029, 0.0028, 0.0027, 0.0026, 0.0026)
Bot_Xtr: (0.0235, 0.0296, 0.0394, 0.0545, 0.0802, 0.1264, 0.1981, 0.2885, 0.3851, 0.4879, 0.5944, 0.6741, 0.7293, 0.7664, 0.7857, 0.8301, 0.8804, 0.9438, 0.9694, 0.9875, 0.9963, 1.0, 1.0, 1.0, 1.0, 1.0, 1.0, 1.0, 1.0, 1.0, 1.0, 1.0, 1.0, 1.0, 1.0, 1.0, 1.0, 1.0, 1.0, 1.0, 1.0, 1.0, 1.0, 1.0, 1.0, 1.0, 1.0, 1.0, 1.0, 1.0, 1.0, 1.0)
CL/CD: (-16.46131805157593, -8.43108504398827, 0.0, 8.776758409785932, 17.965571205007826, 27.70967741935484, 38.14691151919867, 49.582608695652176, 61.42086330935253, 73.92193308550185, 87.12092130518235, 98.87596899224806, 109.0, 117.4199623352166, 123.84335154826957, 131.05169340463456, 137.33913043478262, 143.52564102564102, 144.1920731707317, 143.75539568345326, 141.76943699731905, 138.57142857142856, 133.37931034482762, 128.41320553780616, 123.84158415841584, 118.69724770642202, 114.49014567266497, 110.34482758620689, 106.01503759398496, 101.69133192389008, 97.45214521452145, 93.0209617755857, 88.33620195065978, 83.35812964930925, 78.38487972508591, 73.08246958089228, 68.05624483043837, 62.69476853594279, 57.67808219178082, 52.889580093312595, 48.12078651685393, 43.49078050012629, 39.11005434782609, 35.418114904927414, 31.97087020648968, 28.712887709404544, 25.766357932476847, 23.008326618318563, 20.566723177524825, 18.345897519938816, 16.379276250741547, 16.379276250741547)

***** Re = 7000000, Mach = 0.0, nCrit = 7 *****
alpha: (-4.122, -3.622, -3.122, -2.622, -2.122, -1.622, -1.122, -0.622, -0.122, 0.878, 1.378, 1.878, 2.378, 2.878, 3.378, 3.878, 4.378, 4.878, 5.378, 5.878, 6.378, 6.878, 7.378, 7.878, 8.378, 8.878, 9.378, 9.878, 10.378, 10.878, 11.378, 11.878, 12.378, 12.878, 13.378, 13.878, 14.378, 14.878, 15.378, 15.878, 16.378, 16.878, 17.378, 17.878, 18.378, 18.878, 19.378, 19.878, 20.378, 20.878, 21.378, 21.878, 21.878)
CL: (-0.1157, -0.058, -0.0001, 0.0578, 0.1155, 0.1732, 0.2305, 0.2878, 0.3447, 0.4585, 0.5149, 0.5716, 0.6281, 0.6845, 0.7406, 0.7965, 0.852, 0.9061, 0.9593, 1.0113, 1.0606, 1.1078, 1.1623, 1.2137, 1.2603, 1.3064, 1.3517, 1.3954, 1.4373, 1.4738, 1.5085, 1.5428, 1.5763, 1.6081, 1.638, 1.6667, 1.6933, 1.7167, 1.7384, 1.7585, 1.7756, 1.7885, 1.7981, 1.8055, 1.8115, 1.8138, 1.8131, 1.8074, 1.7985, 1.7843, 1.7672, 1.7458, 1.7458)
CD: (0.00646, 0.00633, 0.00622, 0.00612, 0.00602, 0.00591, 0.00579, 0.00566, 0.00552, 0.00528, 0.0052, 0.00516, 0.00521, 0.00532, 0.00549, 0.00572, 0.00597, 0.00616, 0.00642, 0.00675, 0.00715, 0.00766, 0.00826, 0.00892, 0.00957, 0.01022, 0.01087, 0.01156, 0.01223, 0.01292, 0.01368, 0.01455, 0.01551, 0.01661, 0.0179, 0.01932, 0.02095, 0.0229, 0.02507, 0.02746, 0.03023, 0.0335, 0.03729, 0.04146, 0.04596, 0.05105, 0.05664, 0.06301, 0.06991, 0.07771, 0.08601, 0.09516, 0.09517)
CDp: (0.00148, 0.00134, 0.00122, 0.00112, 0.00103, 0.00097, 0.00092, 0.00089, 0.00089, 0.00094, 0.00101, 0.0011, 0.00121, 0.00134, 0.00149, 0.00166, 0.00184, 0.00207, 0.00233, 0.00262, 0.00296, 0.00335, 0.0038, 0.0043, 0.00483, 0.00537, 0.00595, 0.00657, 0.00721, 0.00788, 0.00864, 0.00951, 0.01048, 0.01161, 0.01291, 0.01437, 0.01604, 0.01802, 0.02025, 0.02269, 0.02552, 0.02886, 0.03273, 0.03699, 0.04158, 0.04677, 0.05246, 0.05893, 0.06595, 0.07388, 0.08232, 0.09161, 0.09161)
CM: (-0.0651, -0.0656, -0.0661, -0.0667, -0.0672, -0.0677, -0.0683, -0.0688, -0.0693, -0.0704, -0.0708, -0.0713, -0.0718, -0.0722, -0.0726, -0.0729, -0.0732, -0.0732, -0.0731, -0.0727, -0.0718, -0.0704, -0.0709, -0.0708, -0.0696, -0.0684, -0.0671, -0.0655, -0.0637, -0.0608, -0.0577, -0.0549, -0.0521, -0.0494, -0.0467, -0.0441, -0.0416, -0.039, -0.0366, -0.0345, -0.0324, -0.0305, -0.0289, -0.0276, -0.0267, -0.0261, -0.0258, -0.026, -0.0265, -0.0276, -0.0291, -0.0313, -0.0313)
Top_Xtr: (0.5991, 0.582, 0.5656, 0.5479, 0.5299, 0.512, 0.4927, 0.4736, 0.4543, 0.4158, 0.3948, 0.3756, 0.3541, 0.3321, 0.3095, 0.2857, 0.2617, 0.2372, 0.212, 0.1857, 0.1575, 0.1279, 0.099, 0.072, 0.0521, 0.0371, 0.0267, 0.0188, 0.0142, 0.0111, 0.009, 0.0075, 0.0065, 0.0056, 0.0049, 0.0044, 0.0041, 0.0036, 0.0034, 0.0032, 0.0031, 0.0028, 0.0026, 0.0024, 0.0024, 0.0024, 0.0023, 0.0022, 0.0022, 0.0021, 0.0021, 0.002, 0.002)
Bot_Xtr: (0.0197, 0.0247, 0.0307, 0.0418, 0.0591, 0.0859, 0.1323, 0.1928, 0.272, 0.4414, 0.5359, 0.6138, 0.6751, 0.7226, 0.7584, 0.7781, 0.7914, 0.8495, 0.8943, 0.9279, 0.9592, 0.985, 0.9965, 1.0, 1.0, 1.0, 1.0, 1.0, 1.0, 1.0, 1.0, 1.0, 1.0, 1.0, 1.0, 1.0, 1.0, 1.0, 1.0, 1.0, 1.0, 1.0, 1.0, 1.0, 1.0, 1.0, 1.0, 1.0, 1.0, 1.0, 1.0, 1.0, 1.0)
CL/CD: (-17.910216718266255, -9.162717219589258, -0.016077170418006433, 9.444444444444445, 19.186046511627907, 29.306260575296104, 39.81001727115717, 50.84805653710247, 62.44565217391305, 86.83712121212122, 99.01923076923077, 110.77519379844962, 120.55662188099808, 128.6654135338346, 134.89981785063753, 139.24825174825173, 142.71356783919597, 147.09415584415586, 149.42367601246104, 149.82222222222222, 148.33566433566432, 144.621409921671, 140.71428571428572, 136.06502242152465, 131.69278996865202, 127.82778864970646, 124.35142594296228, 120.70934256055362, 117.52248569092396, 114.07120743034056, 110.27046783625731, 106.03436426116838, 101.63120567375887, 96.81517158338352, 91.50837988826815, 86.26811594202898, 80.82577565632458, 74.9650655021834, 69.34184284004787, 64.03860160233066, 58.73635461462124, 53.38805970149253, 48.21936175918477, 43.54799807042934, 39.41470844212359, 35.52987267384917, 32.01094632768361, 28.68433581971116, 25.725933342869403, 22.96100887916613, 20.546448087431695, 18.345943673812528, 18.344015971419566)

***** Re = 10000000, Mach = 0.0, nCrit = 7 *****
alpha: (-4.112, -3.612, -3.112, -2.612, -2.112, -1.612, -1.112, -0.612, -0.112, 0.388, 0.888, 1.388, 1.888, 2.388, 2.888, 3.388, 3.888, 4.388, 4.888, 5.388, 5.888, 6.388, 6.888, 7.388, 7.888, 8.388, 8.888, 9.388, 9.888, 10.388, 10.888, 11.388, 11.888, 12.388, 12.888, 13.388, 13.888, 14.388, 14.888, 15.388, 15.888, 16.388, 16.888, 17.388, 17.888, 18.388, 18.888, 19.388, 19.888, 20.388, 20.888, 21.388, 21.888, 21.888)
CL: (-0.1161, -0.058, -0.0, 0.058, 0.116, 0.1738, 0.2315, 0.2891, 0.3464, 0.4038, 0.4608, 0.5177, 0.5744, 0.6309, 0.6872, 0.7435, 0.7994, 0.8549, 0.91, 0.9642, 1.0173, 1.0687, 1.1183, 1.1653, 1.2137, 1.2669, 1.3145, 1.3613, 1.4072, 1.4518, 1.4939, 1.5294, 1.5637, 1.5986, 1.6312, 1.6633, 1.6927, 1.721, 1.7476, 1.771, 1.7915, 1.8094, 1.8265, 1.8406, 1.8516, 1.8593, 1.8634, 1.8629, 1.8593, 1.8512, 1.8394, 1.8245, 1.8077, 1.8077)
CD: (0.00618, 0.00607, 0.00599, 0.0059, 0.00583, 0.00574, 0.00568, 0.00558, 0.00549, 0.0054, 0.00533, 0.00525, 0.00524, 0.00526, 0.00535, 0.00547, 0.00564, 0.00588, 0.00617, 0.0065, 0.00675, 0.00714, 0.00758, 0.00807, 0.0086, 0.00922, 0.0098, 0.0104, 0.01099, 0.01158, 0.0122, 0.01286, 0.01363, 0.01446, 0.01545, 0.01652, 0.01782, 0.01926, 0.02087, 0.02279, 0.02503, 0.02756, 0.03032, 0.03348, 0.03712, 0.04122, 0.04588, 0.05122, 0.05707, 0.06369, 0.07088, 0.07872, 0.0869, 0.0869)
CDp: (0.00138, 0.00126, 0.00116, 0.00106, 0.00099, 0.00094, 0.0009, 0.00088, 0.00088, 0.0009, 0.00094, 0.001, 0.00108, 0.00118, 0.00132, 0.00146, 0.00163, 0.00182, 0.00202, 0.00227, 0.00255, 0.0029, 0.00329, 0.00371, 0.00415, 0.00465, 0.00515, 0.00568, 0.00622, 0.00679, 0.00738, 0.00804, 0.00881, 0.00964, 0.01064, 0.01173, 0.01305, 0.01452, 0.01616, 0.01812, 0.0204, 0.02299, 0.0258, 0.02903, 0.03273, 0.03691, 0.04165, 0.04708, 0.05303, 0.05976, 0.06707, 0.07503, 0.08334, 0.08334)
CM: (-0.0649, -0.0654, -0.066, -0.0666, -0.0672, -0.0677, -0.0683, -0.0689, -0.0694, -0.07, -0.0705, -0.0711, -0.0716, -0.0721, -0.0725, -0.0729, -0.0733, -0.0736, -0.0738, -0.0739, -0.0739, -0.0735, -0.0727, -0.0714, -0.0704, -0.0707, -0.0697, -0.0687, -0.0675, -0.0661, -0.0642, -0.0612, -0.0581, -0.0554, -0.0526, -0.05, -0.0472, -0.0446, -0.0421, -0.0396, -0.0371, -0.0348, -0.0328, -0.031, -0.0295, -0.0282, -0.0272, -0.0265, -0.0262, -0.0264, -0.027, -0.0281, -0.0296, -0.0296)
Top_Xtr: (0.5675, 0.5515, 0.5332, 0.5162, 0.4976, 0.4793, 0.4594, 0.4407, 0.421, 0.4027, 0.3824, 0.3634, 0.3424, 0.3208, 0.298, 0.2773, 0.2547, 0.2311, 0.2073, 0.181, 0.1569, 0.1288, 0.1003, 0.0751, 0.0557, 0.0388, 0.0273, 0.0193, 0.0144, 0.011, 0.0089, 0.0073, 0.0059, 0.0053, 0.0045, 0.0042, 0.0037, 0.0034, 0.0032, 0.003, 0.0027, 0.0024, 0.0024, 0.0023, 0.0022, 0.0021, 0.002, 0.0019, 0.0018, 0.0017, 0.0016, 0.0016, 0.0016, 0.0016)
Bot_Xtr: (0.0181, 0.0219, 0.0272, 0.036, 0.0486, 0.0722, 0.1033, 0.1521, 0.2125, 0.2823, 0.3606, 0.4442, 0.52, 0.5921, 0.6501, 0.6992, 0.7383, 0.7678, 0.7805, 0.7918, 0.8521, 0.8993, 0.9377, 0.9697, 0.9924, 1.0, 1.0, 1.0, 1.0, 1.0, 1.0, 1.0, 1.0, 1.0, 1.0, 1.0, 1.0, 1.0, 1.0, 1.0, 1.0, 1.0, 1.0, 1.0, 1.0, 1.0, 1.0, 1.0, 1.0, 1.0, 1.0, 1.0, 1.0, 1.0)
CL/CD: (-18.78640776699029, -9.555189456342669, -0.0, 9.830508474576272, 19.897084048027445, 30.278745644599304, 40.75704225352113, 51.810035842293914, 63.096539162112926, 74.77777777777777, 86.45403377110695, 98.60952380952381, 109.61832061068704, 119.94296577946768, 128.44859813084113, 135.92321755027425, 141.73758865248226, 145.39115646258503, 147.4878444084279, 148.33846153846153, 150.71111111111114, 149.6778711484594, 147.53298153034302, 144.3990086741016, 141.12790697674419, 137.40780911062905, 134.1326530612245, 130.89423076923077, 128.04367606915378, 125.37132987910189, 122.45081967213115, 118.92690513219286, 114.72487160674983, 110.55325034578146, 105.57928802588997, 100.68401937046005, 94.98877665544333, 89.35617860851507, 83.73742213703882, 77.70952172005265, 71.57411106671994, 65.65312046444122, 60.24076517150396, 54.97610513739546, 49.881465517241374, 45.10674429888404, 40.61464690496949, 36.370558375634516, 32.57928859295602, 29.06578740775632, 25.950902934537247, 23.177083333333336, 20.802071346375143, 20.802071346375143)

***** Re = 100000, Mach = 0.0, nCrit = 7 *****
alpha: (-3.758, -3.258, -2.758, -2.258, -1.758, -1.258, -0.758, -0.258, 0.242, 0.742, 1.242, 1.742, 2.242, 2.742, 3.242, 3.742, 4.242, 4.742, 5.242, 5.742, 6.242, 6.742, 7.242, 7.742, 8.242, 8.742, 9.242, 9.742, 10.242, 10.742, 11.242, 11.742, 12.242, 12.742, 13.242, 13.742, 14.242, 14.242)
CL: (-0.0982, -0.0482, -0.0, 0.0557, 0.1318, 0.2473, 0.3588, 0.4266, 0.4671, 0.5067, 0.55, 0.5925, 0.6384, 0.6825, 0.7306, 0.7751, 0.8226, 0.8719, 0.9178, 0.9643, 1.0104, 1.0557, 1.0999, 1.142, 1.1792, 1.2151, 1.2443, 1.269, 1.2829, 1.2928, 1.2986, 1.3008, 1.2985, 1.2928, 1.2827, 1.2705, 1.2583, 1.2583)
CD: (0.0211, 0.01863, 0.01761, 0.01755, 0.01784, 0.01789, 0.01748, 0.01719, 0.01699, 0.01698, 0.01696, 0.01708, 0.01718, 0.01743, 0.01759, 0.01792, 0.0182, 0.01846, 0.01888, 0.01932, 0.0198, 0.02033, 0.02092, 0.02159, 0.02242, 0.02329, 0.02437, 0.0256, 0.02708, 0.02899, 0.03144, 0.03455, 0.03844, 0.04315, 0.04877, 0.05511, 0.06197, 0.06197)
CDp: (0.01191, 0.01091, 0.01092, 0.01098, 0.01105, 0.01073, 0.01, 0.00949, 0.00911, 0.00895, 0.00877, 0.00878, 0.00876, 0.00893, 0.009, 0.00932, 0.00957, 0.0098, 0.01025, 0.01073, 0.01126, 0.01185, 0.01249, 0.01322, 0.01417, 0.01509, 0.01629, 0.01754, 0.01912, 0.02107, 0.02355, 0.02674, 0.03064, 0.03542, 0.04104, 0.04742, 0.05435, 0.05435)
CM: (-0.0714, -0.0712, -0.068, -0.0652, -0.0664, -0.077, -0.0883, -0.0917, -0.0894, -0.0868, -0.0845, -0.0821, -0.0802, -0.078, -0.0763, -0.0742, -0.0725, -0.0711, -0.0693, -0.0675, -0.0658, -0.0639, -0.0619, -0.0596, -0.0566, -0.0535, -0.0495, -0.0449, -0.0389, -0.0331, -0.0278, -0.0231, -0.0192, -0.0161, -0.0138, -0.0124, -0.0116, -0.0116)
Top_Xtr: (0.8941, 0.881, 0.8679, 0.8549, 0.8427, 0.8315, 0.8186, 0.8004, 0.782, 0.7628, 0.7446, 0.7255, 0.7071, 0.6872, 0.6683, 0.6471, 0.6265, 0.6057, 0.5826, 0.5591, 0.5349, 0.5095, 0.4832, 0.4557, 0.426, 0.3961, 0.3643, 0.3328, 0.3013, 0.27, 0.239, 0.2079, 0.1788, 0.151, 0.127, 0.1066, 0.0899, 0.0899)
Bot_Xtr: (0.1451, 0.4137, 0.6996, 0.832, 0.9178, 0.9622, 0.9895, 1.0, 1.0, 1.0, 1.0, 1.0, 1.0, 1.0, 1.0, 1.0, 1.0, 1.0, 1.0, 1.0, 1.0, 1.0, 1.0, 1.0, 1.0, 1.0, 1.0, 1.0, 1.0, 1.0, 1.0, 1.0, 1.0, 1.0, 1.0, 1.0, 1.0, 1.0)
CL/CD: (-4.654028436018957, -2.5872249060654857, -0.0, 3.173789173789174, 7.387892376681614, 13.823365008384572, 20.526315789473685, 24.81675392670157, 27.492642731018243, 29.840989399293292, 32.42924528301887, 34.68969555035129, 37.15948777648428, 39.1566265060241, 41.5349630471859, 43.253348214285715, 45.1978021978022, 47.231852654387865, 48.61228813559322, 49.9120082815735, 51.030303030303024, 51.92818494835219, 52.57648183556405, 52.89485873089392, 52.59589652096343, 52.17260626878488, 51.05867870332376, 49.57031249999999, 47.37444608567208, 44.594687823387375, 41.30407124681933, 37.64978292329957, 33.77991675338189, 29.96060254924681, 26.301004716013942, 23.05389221556886, 20.304986283685654, 20.304986283685654)

***** Re = 3100000, Mach = 0.0, nCrit = 7 *****
alpha: (-4.141, -3.641, -3.141, -2.641, -2.141, -1.641, -1.141, -0.641, -0.141, 0.359, 0.859, 1.359, 1.859, 2.359, 2.859, 3.359, 3.859, 4.359, 5.359, 5.859, 6.359, 6.859, 7.359, 7.859, 8.359, 8.859, 9.359, 9.859, 10.359, 10.859, 11.359, 11.859, 12.359, 12.859, 13.359, 13.859, 14.359, 14.859, 15.359, 15.859, 16.359, 16.859, 17.359, 17.859, 18.359, 18.859, 19.359, 19.859, 20.359, 20.359)
CL: (-0.1145, -0.0572, -0.0001, 0.0572, 0.1142, 0.1708, 0.2273, 0.2832, 0.3395, 0.3954, 0.4514, 0.5078, 0.5644, 0.6211, 0.6764, 0.7308, 0.7846, 0.8371, 0.9431, 1.003, 1.0646, 1.1125, 1.1577, 1.2025, 1.2459, 1.2886, 1.3292, 1.3655, 1.3977, 1.4297, 1.4615, 1.4929, 1.5226, 1.5504, 1.5762, 1.6008, 1.6213, 1.6416, 1.6579, 1.67, 1.6817, 1.6905, 1.6958, 1.6963, 1.6927, 1.684, 1.6765, 1.6651, 1.6498, 1.6498)
CD: (0.00726, 0.00709, 0.00693, 0.00675, 0.00657, 0.00635, 0.00608, 0.0058, 0.00556, 0.00537, 0.00523, 0.00522, 0.00531, 0.00543, 0.00551, 0.00565, 0.00584, 0.00608, 0.00672, 0.00716, 0.00769, 0.00824, 0.00888, 0.00959, 0.01039, 0.01118, 0.01202, 0.01293, 0.01382, 0.01482, 0.01591, 0.01708, 0.01842, 0.01996, 0.0217, 0.02364, 0.02597, 0.02844, 0.03137, 0.0348, 0.0385, 0.04266, 0.04736, 0.05281, 0.05892, 0.0659, 0.07291, 0.08065, 0.08907, 0.08907)
CDp: (0.0018, 0.00161, 0.00145, 0.00131, 0.00119, 0.00109, 0.00101, 0.00097, 0.00096, 0.00099, 0.00104, 0.00113, 0.00123, 0.00133, 0.00148, 0.00165, 0.00184, 0.00205, 0.00254, 0.00284, 0.00321, 0.00361, 0.00408, 0.00462, 0.00524, 0.0059, 0.00663, 0.00744, 0.00828, 0.00925, 0.01033, 0.01152, 0.01289, 0.01445, 0.01624, 0.01823, 0.02062, 0.02317, 0.02618, 0.0297, 0.0335, 0.03776, 0.04257, 0.04814, 0.05438, 0.06151, 0.06866, 0.07655, 0.08512, 0.08512)
CM: (-0.0655, -0.0659, -0.0663, -0.0668, -0.0672, -0.0676, -0.068, -0.0684, -0.0688, -0.0692, -0.0695, -0.0699, -0.0702, -0.0706, -0.0708, -0.0707, -0.0705, -0.07, -0.0695, -0.071, -0.073, -0.072, -0.0704, -0.0689, -0.0672, -0.0654, -0.0633, -0.0605, -0.0569, -0.0536, -0.0505, -0.0477, -0.0449, -0.0422, -0.0396, -0.0371, -0.0347, -0.0325, -0.0305, -0.0286, -0.0272, -0.026, -0.0252, -0.0247, -0.0246, -0.025, -0.0258, -0.0271, -0.0289, -0.0289)
Top_Xtr: (0.6632, 0.6471, 0.6305, 0.6141, 0.5972, 0.5795, 0.5621, 0.5433, 0.5255, 0.5054, 0.4856, 0.4665, 0.4455, 0.4252, 0.4041, 0.3814, 0.3589, 0.3353, 0.2846, 0.2553, 0.2236, 0.1926, 0.1594, 0.1271, 0.0968, 0.073, 0.0537, 0.0379, 0.0281, 0.0206, 0.0159, 0.0129, 0.0106, 0.0089, 0.0077, 0.0068, 0.0059, 0.0055, 0.0051, 0.0046, 0.0044, 0.0042, 0.004, 0.0038, 0.0036, 0.0034, 0.0033, 0.0032, 0.0032, 0.0032)
Bot_Xtr: (0.0255, 0.0321, 0.0435, 0.0622, 0.0949, 0.1534, 0.2376, 0.3447, 0.4499, 0.5578, 0.6582, 0.7228, 0.7641, 0.7874, 0.8355, 0.8839, 0.9181, 0.9457, 0.9871, 0.9956, 0.9992, 1.0, 1.0, 1.0, 1.0, 1.0, 1.0, 1.0, 1.0, 1.0, 1.0, 1.0, 1.0, 1.0, 1.0, 1.0, 1.0, 1.0, 1.0, 1.0, 1.0, 1.0, 1.0, 1.0, 1.0, 1.0, 1.0, 1.0, 1.0, 1.0)
CL/CD: (-15.771349862258955, -8.067700987306065, -0.01443001443001443, 8.474074074074075, 17.382039573820393, 26.897637795275593, 37.38486842105263, 48.827586206896555, 61.0611510791367, 73.63128491620111, 86.30975143403441, 97.27969348659005, 106.29001883239172, 114.3830570902394, 122.75862068965517, 129.34513274336285, 134.34931506849315, 137.68092105263156, 140.3422619047619, 140.08379888268155, 138.43953185955786, 135.0121359223301, 130.3716216216216, 125.39103232533888, 119.9133782483157, 115.25939177101966, 110.58236272878536, 105.60711523588553, 101.13603473227207, 96.47098515519568, 91.86046511627907, 87.4063231850117, 82.66015200868621, 77.6753507014028, 72.63594470046083, 67.71573604060913, 62.42972660762418, 57.72151898734177, 52.84985655084475, 47.98850574712644, 43.68051948051948, 39.627285513361464, 35.80658783783784, 32.1208104525658, 28.72878479293958, 25.553869499241273, 22.99410231792621, 20.646001239925607, 18.522510385090378, 18.522510385090378)
